0,2
0.001,2.003
0.002,2.006
0.003,2.009
0.004,2.012
0.005,2.015
0.006,2.018
0.007,2.021
0.008,2.024
0.009,2.027
0.01,2.03
0.011,2.033
0.012,2.036
0.013,2.039
0.014,2.042
0.015,2.045
0.016,2.048
0.017,2.051
0.018,2.054
0.019,2.057
0.02,2.06
0.021,2.063
0.022,2.066
0.023,2.069
0.024,2.072
0.025,2.075
0.026,2.078
0.027,2.081
0.028,2.084
0.029,2.087
0.03,2.09
0.031,2.093
0.032,2.096
0.033,2.099
0.034,2.102
0.035,2.105
0.036,2.108
0.037,2.111
0.038,2.114
0.039,2.117
0.04,2.12
0.041,2.123
0.042,2.126
0.043,2.129
0.044,2.132
0.045,2.135
0.046,2.138
0.047,2.141
0.048,2.144
0.049,2.147
0.05,2.15
0.051,2.153
0.052,2.156
0.053,2.159
0.054,2.162
0.055,2.165
0.056,2.168
0.057,2.171
0.058,2.174
0.059,2.177
0.06,2.18
0.061,2.183
0.062,2.186
0.063,2.189
0.064,2.192
0.065,2.195
0.066,2.198
0.067,2.201
0.068,2.204
0.069,2.207
0.07,2.21
0.071,2.213
0.072,2.216
0.073,2.219
0.074,2.222
0.075,2.225
0.076,2.228
0.077,2.231
0.078,2.234
0.079,2.237
0.08,2.24
0.081,2.243
0.082,2.246
0.083,2.249
0.084,2.252
0.085,2.255
0.086,2.258
0.087,2.261
0.088,2.264
0.089,2.267
0.09,2.27
0.091,2.273
0.092,2.276
0.093,2.279
0.094,2.282
0.095,2.285
0.096,2.288
0.097,2.291
0.098,2.294
0.099,2.297
0.1,2.3
0.101,2.303
0.102,2.306
0.103,2.309
0.104,2.312
0.105,2.315
0.106,2.318
0.107,2.321
0.108,2.324
0.109,2.327
0.11,2.33
0.111,2.333
0.112,2.336
0.113,2.339
0.114,2.342
0.115,2.345
0.116,2.348
0.117,2.351
0.118,2.354
0.119,2.357
0.12,2.36
0.121,2.363
0.122,2.366
0.123,2.369
0.124,2.372
0.125,2.375
0.126,2.378
0.127,2.381
0.128,2.384
0.129,2.387
0.13,2.39
0.131,2.393
0.132,2.396
0.133,2.399
0.134,2.402
0.135,2.405
0.136,2.408
0.137,2.411
0.138,2.414
0.139,2.417
0.14,2.42
0.141,2.423
0.142,2.426
0.143,2.429
0.144,2.432
0.145,2.435
0.146,2.438
0.147,2.441
0.148,2.444
0.149,2.447
0.15,2.45
0.151,2.453
0.152,2.456
0.153,2.459
0.154,2.462
0.155,2.465
0.156,2.468
0.157,2.471
0.158,2.474
0.159,2.477
0.16,2.48
0.161,2.483
0.162,2.486
0.163,2.489
0.164,2.492
0.165,2.495
0.166,2.498
0.167,2.501
0.168,2.504
0.169,2.507
0.17,2.51
0.171,2.513
0.172,2.516
0.173,2.519
0.174,2.522
0.175,2.525
0.176,2.528
0.177,2.531
0.178,2.534
0.179,2.537
0.18,2.54
0.181,2.543
0.182,2.546
0.183,2.549
0.184,2.552
0.185,2.555
0.186,2.558
0.187,2.561
0.188,2.564
0.189,2.567
0.19,2.57
0.191,2.573
0.192,2.576
0.193,2.579
0.194,2.582
0.195,2.585
0.196,2.588
0.197,2.591
0.198,2.594
0.199,2.597
0.2,2.6
0.201,2.603
0.202,2.606
0.203,2.609
0.204,2.612
0.205,2.615
0.206,2.618
0.207,2.621
0.208,2.624
0.209,2.627
0.21,2.63
0.211,2.633
0.212,2.636
0.213,2.639
0.214,2.642
0.215,2.645
0.216,2.648
0.217,2.651
0.218,2.654
0.219,2.657
0.22,2.66
0.221,2.663
0.222,2.666
0.223,2.669
0.224,2.672
0.225,2.675
0.226,2.678
0.227,2.681
0.228,2.684
0.229,2.687
0.23,2.69
0.231,2.693
0.232,2.696
0.233,2.699
0.234,2.702
0.235,2.705
0.236,2.708
0.237,2.711
0.238,2.714
0.239,2.717
0.24,2.72
0.241,2.723
0.242,2.726
0.243,2.729
0.244,2.732
0.245,2.735
0.246,2.738
0.247,2.741
0.248,2.744
0.249,2.747
0.25,2.75
0.251,2.753
0.252,2.756
0.253,2.759
0.254,2.762
0.255,2.765
0.256,2.768
0.257,2.771
0.258,2.774
0.259,2.777
0.26,2.78
0.261,2.783
0.262,2.786
0.263,2.789
0.264,2.792
0.265,2.795
0.266,2.798
0.267,2.801
0.268,2.804
0.269,2.807
0.27,2.81
0.271,2.813
0.272,2.816
0.273,2.819
0.274,2.822
0.275,2.825
0.276,2.828
0.277,2.831
0.278,2.834
0.279,2.837
0.28,2.84
0.281,2.843
0.282,2.846
0.283,2.849
0.284,2.852
0.285,2.855
0.286,2.858
0.287,2.861
0.288,2.864
0.289,2.867
0.29,2.87
0.291,2.873
0.292,2.876
0.293,2.879
0.294,2.882
0.295,2.885
0.296,2.888
0.297,2.891
0.298,2.894
0.299,2.897
0.3,2.9
0.301,2.903
0.302,2.906
0.303,2.909
0.304,2.912
0.305,2.915
0.306,2.918
0.307,2.921
0.308,2.924
0.309,2.927
0.31,2.93
0.311,2.933
0.312,2.936
0.313,2.939
0.314,2.942
0.315,2.945
0.316,2.948
0.317,2.951
0.318,2.954
0.319,2.957
0.32,2.96
0.321,2.963
0.322,2.966
0.323,2.969
0.324,2.972
0.325,2.975
0.326,2.978
0.327,2.981
0.328,2.984
0.329,2.987
0.33,2.99
0.331,2.993
0.332,2.996
0.333,2.999
0.334,3.002
0.335,3.005
0.336,3.008
0.337,3.011
0.338,3.014
0.339,3.017
0.34,3.02
0.341,3.023
0.342,3.026
0.343,3.029
0.344,3.032
0.345,3.035
0.346,3.038
0.347,3.041
0.348,3.044
0.349,3.047
0.35,3.05
0.351,3.053
0.352,3.056
0.353,3.059
0.354,3.062
0.355,3.065
0.356,3.068
0.357,3.071
0.358,3.074
0.359,3.077
0.36,3.08
0.361,3.083
0.362,3.086
0.363,3.089
0.364,3.092
0.365,3.095
0.366,3.098
0.367,3.101
0.368,3.104
0.369,3.107
0.37,3.11
0.371,3.113
0.372,3.116
0.373,3.119
0.374,3.122
0.375,3.125
0.376,3.128
0.377,3.131
0.378,3.134
0.379,3.137
0.38,3.14
0.381,3.143
0.382,3.146
0.383,3.149
0.384,3.152
0.385,3.155
0.386,3.158
0.387,3.161
0.388,3.164
0.389,3.167
0.39,3.17
0.391,3.173
0.392,3.176
0.393,3.179
0.394,3.182
0.395,3.185
0.396,3.188
0.397,3.191
0.398,3.194
0.399,3.197
0.4,3.2
0.401,3.203
0.402,3.206
0.403,3.209
0.404,3.212
0.405,3.215
0.406,3.218
0.407,3.221
0.408,3.224
0.409,3.227
0.41,3.23
0.411,3.233
0.412,3.236
0.413,3.239
0.414,3.242
0.415,3.245
0.416,3.248
0.417,3.251
0.418,3.254
0.419,3.257
0.42,3.26
0.421,3.263
0.422,3.266
0.423,3.269
0.424,3.272
0.425,3.275
0.426,3.278
0.427,3.281
0.428,3.284
0.429,3.287
0.43,3.29
0.431,3.293
0.432,3.296
0.433,3.299
0.434,3.302
0.435,3.305
0.436,3.308
0.437,3.311
0.438,3.314
0.439,3.317
0.44,3.32
0.441,3.323
0.442,3.326
0.443,3.329
0.444,3.332
0.445,3.335
0.446,3.338
0.447,3.341
0.448,3.344
0.449,3.347
0.45,3.35
0.451,3.353
0.452,3.356
0.453,3.359
0.454,3.362
0.455,3.365
0.456,3.368
0.457,3.371
0.458,3.374
0.459,3.377
0.46,3.38
0.461,3.383
0.462,3.386
0.463,3.389
0.464,3.392
0.465,3.395
0.466,3.398
0.467,3.401
0.468,3.404
0.469,3.407
0.47,3.41
0.471,3.413
0.472,3.416
0.473,3.419
0.474,3.422
0.475,3.425
0.476,3.428
0.477,3.431
0.478,3.434
0.479,3.437
0.48,3.44
0.481,3.443
0.482,3.446
0.483,3.449
0.484,3.452
0.485,3.455
0.486,3.458
0.487,3.461
0.488,3.464
0.489,3.467
0.49,3.47
0.491,3.473
0.492,3.476
0.493,3.479
0.494,3.482
0.495,3.485
0.496,3.488
0.497,3.491
0.498,3.494
0.499,3.497
0.5,3.5
0.501,3.503
0.502,3.506
0.503,3.509
0.504,3.512
0.505,3.515
0.506,3.518
0.507,3.521
0.508,3.524
0.509,3.527
0.51,3.53
0.511,3.533
0.512,3.536
0.513,3.539
0.514,3.542
0.515,3.545
0.516,3.548
0.517,3.551
0.518,3.554
0.519,3.557
0.52,3.56
0.521,3.563
0.522,3.566
0.523,3.569
0.524,3.572
0.525,3.575
0.526,3.578
0.527,3.581
0.528,3.584
0.529,3.587
0.53,3.59
0.531,3.593
0.532,3.596
0.533,3.599
0.534,3.602
0.535,3.605
0.536,3.608
0.537,3.611
0.538,3.614
0.539,3.617
0.54,3.62
0.541,3.623
0.542,3.626
0.543,3.629
0.544,3.632
0.545,3.635
0.546,3.638
0.547,3.641
0.548,3.644
0.549,3.647
0.55,3.65
0.551,3.653
0.552,3.656
0.553,3.659
0.554,3.662
0.555,3.665
0.556,3.668
0.557,3.671
0.558,3.674
0.559,3.677
0.56,3.68
0.561,3.683
0.562,3.686
0.563,3.689
0.564,3.692
0.565,3.695
0.566,3.698
0.567,3.701
0.568,3.704
0.569,3.707
0.57,3.71
0.571,3.713
0.572,3.716
0.573,3.719
0.574,3.722
0.575,3.725
0.576,3.728
0.577,3.731
0.578,3.734
0.579,3.737
0.58,3.74
0.581,3.743
0.582,3.746
0.583,3.749
0.584,3.752
0.585,3.755
0.586,3.758
0.587,3.761
0.588,3.764
0.589,3.767
0.59,3.77
0.591,3.773
0.592,3.776
0.593,3.779
0.594,3.782
0.595,3.785
0.596,3.788
0.597,3.791
0.598,3.794
0.599,3.797
0.6,3.8
0.601,3.803
0.602,3.806
0.603,3.809
0.604,3.812
0.605,3.815
0.606,3.818
0.607,3.821
0.608,3.824
0.609,3.827
0.61,3.83
0.611,3.833
0.612,3.836
0.613,3.839
0.614,3.842
0.615,3.845
0.616,3.848
0.617,3.851
0.618,3.854
0.619,3.857
0.62,3.86
0.621,3.863
0.622,3.866
0.623,3.869
0.624,3.872
0.625,3.875
0.626,3.878
0.627,3.881
0.628,3.884
0.629,3.887
0.63,3.89
0.631,3.893
0.632,3.896
0.633,3.899
0.634,3.902
0.635,3.905
0.636,3.908
0.637,3.911
0.638,3.914
0.639,3.917
0.64,3.92
0.641,3.923
0.642,3.926
0.643,3.929
0.644,3.932
0.645,3.935
0.646,3.938
0.647,3.941
0.648,3.944
0.649,3.947
0.65,3.95
0.651,3.953
0.652,3.956
0.653,3.959
0.654,3.962
0.655,3.965
0.656,3.968
0.657,3.971
0.658,3.974
0.659,3.977
0.66,3.98
0.661,3.983
0.662,3.986
0.663,3.989
0.664,3.992
0.665,3.995
0.666,3.998
0.667,4.001
0.668,4.004
0.669,4.007
0.67,4.01
0.671,4.013
0.672,4.016
0.673,4.019
0.674,4.022
0.675,4.025
0.676,4.028
0.677,4.031
0.678,4.034
0.679,4.037
0.68,4.04
0.681,4.043
0.682,4.046
0.683,4.049
0.684,4.052
0.685,4.055
0.686,4.058
0.687,4.061
0.688,4.064
0.689,4.067
0.69,4.07
0.691,4.073
0.692,4.076
0.693,4.079
0.694,4.082
0.695,4.085
0.696,4.088
0.697,4.091
0.698,4.094
0.699,4.097
0.7,4.1
0.701,4.103
0.702,4.106
0.703,4.109
0.704,4.112
0.705,4.115
0.706,4.118
0.707,4.121
0.708,4.124
0.709,4.127
0.71,4.13
0.711,4.133
0.712,4.136
0.713,4.139
0.714,4.142
0.715,4.145
0.716,4.148
0.717,4.151
0.718,4.154
0.719,4.157
0.72,4.16
0.721,4.163
0.722,4.166
0.723,4.169
0.724,4.172
0.725,4.175
0.726,4.178
0.727,4.181
0.728,4.184
0.729,4.187
0.73,4.19
0.731,4.193
0.732,4.196
0.733,4.199
0.734,4.202
0.735,4.205
0.736,4.208
0.737,4.211
0.738,4.214
0.739,4.217
0.74,4.22
0.741,4.223
0.742,4.226
0.743,4.229
0.744,4.232
0.745,4.235
0.746,4.238
0.747,4.241
0.748,4.244
0.749,4.247
0.75,4.25
0.751,4.253
0.752,4.256
0.753,4.259
0.754,4.262
0.755,4.265
0.756,4.268
0.757,4.271
0.758,4.274
0.759,4.277
0.76,4.28
0.761,4.283
0.762,4.286
0.763,4.289
0.764,4.292
0.765,4.295
0.766,4.298
0.767,4.301
0.768,4.304
0.769,4.307
0.77,4.31
0.771,4.313
0.772,4.316
0.773,4.319
0.774,4.322
0.775,4.325
0.776,4.328
0.777,4.331
0.778,4.334
0.779,4.337
0.78,4.34
0.781,4.343
0.782,4.346
0.783,4.349
0.784,4.352
0.785,4.355
0.786,4.358
0.787,4.361
0.788,4.364
0.789,4.367
0.79,4.37
0.791,4.373
0.792,4.376
0.793,4.379
0.794,4.382
0.795,4.385
0.796,4.388
0.797,4.391
0.798,4.394
0.799,4.397
0.8,4.4
0.801,4.403
0.802,4.406
0.803,4.409
0.804,4.412
0.805,4.415
0.806,4.418
0.807,4.421
0.808,4.424
0.809,4.427
0.81,4.43
0.811,4.433
0.812,4.436
0.813,4.439
0.814,4.442
0.815,4.445
0.816,4.448
0.817,4.451
0.818,4.454
0.819,4.457
0.82,4.46
0.821,4.463
0.822,4.466
0.823,4.469
0.824,4.472
0.825,4.475
0.826,4.478
0.827,4.481
0.828,4.484
0.829,4.487
0.83,4.49
0.831,4.493
0.832,4.496
0.833,4.499
0.834,4.502
0.835,4.505
0.836,4.508
0.837,4.511
0.838,4.514
0.839,4.517
0.84,4.52
0.841,4.523
0.842,4.526
0.843,4.529
0.844,4.532
0.845,4.535
0.846,4.538
0.847,4.541
0.848,4.544
0.849,4.547
0.85,4.55
0.851,4.553
0.852,4.556
0.853,4.559
0.854,4.562
0.855,4.565
0.856,4.568
0.857,4.571
0.858,4.574
0.859,4.577
0.86,4.58
0.861,4.583
0.862,4.586
0.863,4.589
0.864,4.592
0.865,4.595
0.866,4.598
0.867,4.601
0.868,4.604
0.869,4.607
0.87,4.61
0.871,4.613
0.872,4.616
0.873,4.619
0.874,4.622
0.875,4.625
0.876,4.628
0.877,4.631
0.878,4.634
0.879,4.637
0.88,4.64
0.881,4.643
0.882,4.646
0.883,4.649
0.884,4.652
0.885,4.655
0.886,4.658
0.887,4.661
0.888,4.664
0.889,4.667
0.89,4.67
0.891,4.673
0.892,4.676
0.893,4.679
0.894,4.682
0.895,4.685
0.896,4.688
0.897,4.691
0.898,4.694
0.899,4.697
0.9,4.7
0.901,4.703
0.902,4.706
0.903,4.709
0.904,4.712
0.905,4.715
0.906,4.718
0.907,4.721
0.908,4.724
0.909,4.727
0.91,4.73
0.911,4.733
0.912,4.736
0.913,4.739
0.914,4.742
0.915,4.745
0.916,4.748
0.917,4.751
0.918,4.754
0.919,4.757
0.92,4.76
0.921,4.763
0.922,4.766
0.923,4.769
0.924,4.772
0.925,4.775
0.926,4.778
0.927,4.781
0.928,4.784
0.929,4.787
0.93,4.79
0.931,4.793
0.932,4.796
0.933,4.799
0.934,4.802
0.935,4.805
0.936,4.808
0.937,4.811
0.938,4.814
0.939,4.817
0.94,4.82
0.941,4.823
0.942,4.826
0.943,4.829
0.944,4.832
0.945,4.835
0.946,4.838
0.947,4.841
0.948,4.844
0.949,4.847
0.95,4.85
0.951,4.853
0.952,4.856
0.953,4.859
0.954,4.862
0.955,4.865
0.956,4.868
0.957,4.871
0.958,4.874
0.959,4.877
0.96,4.88
0.961,4.883
0.962,4.886
0.963,4.889
0.964,4.892
0.965,4.895
0.966,4.898
0.967,4.901
0.968,4.904
0.969,4.907
0.97,4.91
0.971,4.913
0.972,4.916
0.973,4.919
0.974,4.922
0.975,4.925
0.976,4.928
0.977,4.931
0.978,4.934
0.979,4.937
0.98,4.94
0.981,4.943
0.982,4.946
0.983,4.949
0.984,4.952
0.985,4.955
0.986,4.958
0.987,4.961
0.988,4.964
0.989,4.967
0.99,4.97
0.991,4.973
0.992,4.976
0.993,4.979
0.994,4.982
0.995,4.985
0.996,4.988
0.997,4.991
0.998,4.994
0.999,4.997
1,5
1.001,5.003
1.002,5.006
1.003,5.009
1.004,5.012
1.005,5.015
1.006,5.018
1.007,5.021
1.008,5.024
1.009,5.027
1.01,5.03
1.011,5.033
1.012,5.036
1.013,5.039
1.014,5.042
1.015,5.045
1.016,5.048
1.017,5.051
1.018,5.054
1.019,5.057
1.02,5.06
1.021,5.063
1.022,5.066
1.023,5.069
1.024,5.072
1.025,5.075
1.026,5.078
1.027,5.081
1.028,5.084
1.029,5.087
1.03,5.09
1.031,5.093
1.032,5.096
1.033,5.099
1.034,5.102
1.035,5.105
1.036,5.108
1.037,5.111
1.038,5.114
1.039,5.117
1.04,5.12
1.041,5.123
1.042,5.126
1.043,5.129
1.044,5.132
1.045,5.135
1.046,5.138
1.047,5.141
1.048,5.144
1.049,5.147
1.05,5.15
1.051,5.153
1.052,5.156
1.053,5.159
1.054,5.162
1.055,5.165
1.056,5.168
1.057,5.171
1.058,5.174
1.059,5.177
1.06,5.18
1.061,5.183
1.062,5.186
1.063,5.189
1.064,5.192
1.065,5.195
1.066,5.198
1.067,5.201
1.068,5.204
1.069,5.207
1.07,5.21
1.071,5.213
1.072,5.216
1.073,5.219
1.074,5.222
1.075,5.225
1.076,5.228
1.077,5.231
1.078,5.234
1.079,5.237
1.08,5.24
1.081,5.243
1.082,5.246
1.083,5.249
1.084,5.252
1.085,5.255
1.086,5.258
1.087,5.261
1.088,5.264
1.089,5.267
1.09,5.27
1.091,5.273
1.092,5.276
1.093,5.279
1.094,5.282
1.095,5.285
1.096,5.288
1.097,5.291
1.098,5.294
1.099,5.297
1.1,5.3
1.101,5.303
1.102,5.306
1.103,5.309
1.104,5.312
1.105,5.315
1.106,5.318
1.107,5.321
1.108,5.324
1.109,5.327
1.11,5.33
1.111,5.333
1.112,5.336
1.113,5.339
1.114,5.342
1.115,5.345
1.116,5.348
1.117,5.351
1.118,5.354
1.119,5.357
1.12,5.36
1.121,5.363
1.122,5.366
1.123,5.369
1.124,5.372
1.125,5.375
1.126,5.378
1.127,5.381
1.128,5.384
1.129,5.387
1.13,5.39
1.131,5.393
1.132,5.396
1.133,5.399
1.134,5.402
1.135,5.405
1.136,5.408
1.137,5.411
1.138,5.414
1.139,5.417
1.14,5.42
1.141,5.423
1.142,5.426
1.143,5.429
1.144,5.432
1.145,5.435
1.146,5.438
1.147,5.441
1.148,5.444
1.149,5.447
1.15,5.45
1.151,5.453
1.152,5.456
1.153,5.459
1.154,5.462
1.155,5.465
1.156,5.468
1.157,5.471
1.158,5.474
1.159,5.477
1.16,5.48
1.161,5.483
1.162,5.486
1.163,5.489
1.164,5.492
1.165,5.495
1.166,5.498
1.167,5.501
1.168,5.504
1.169,5.507
1.17,5.51
1.171,5.513
1.172,5.516
1.173,5.519
1.174,5.522
1.175,5.525
1.176,5.528
1.177,5.531
1.178,5.534
1.179,5.537
1.18,5.54
1.181,5.543
1.182,5.546
1.183,5.549
1.184,5.552
1.185,5.555
1.186,5.558
1.187,5.561
1.188,5.564
1.189,5.567
1.19,5.57
1.191,5.573
1.192,5.576
1.193,5.579
1.194,5.582
1.195,5.585
1.196,5.588
1.197,5.591
1.198,5.594
1.199,5.597
1.2,5.6
1.201,5.603
1.202,5.606
1.203,5.609
1.204,5.612
1.205,5.615
1.206,5.618
1.207,5.621
1.208,5.624
1.209,5.627
1.21,5.63
1.211,5.633
1.212,5.636
1.213,5.639
1.214,5.642
1.215,5.645
1.216,5.648
1.217,5.651
1.218,5.654
1.219,5.657
1.22,5.66
1.221,5.663
1.222,5.666
1.223,5.669
1.224,5.672
1.225,5.675
1.226,5.678
1.227,5.681
1.228,5.684
1.229,5.687
1.23,5.69
1.231,5.693
1.232,5.696
1.233,5.699
1.234,5.702
1.235,5.705
1.236,5.708
1.237,5.711
1.238,5.714
1.239,5.717
1.24,5.72
1.241,5.723
1.242,5.726
1.243,5.729
1.244,5.732
1.245,5.735
1.246,5.738
1.247,5.741
1.248,5.744
1.249,5.747
1.25,5.75
1.251,5.753
1.252,5.756
1.253,5.759
1.254,5.762
1.255,5.765
1.256,5.768
1.257,5.771
1.258,5.774
1.259,5.777
1.26,5.78
1.261,5.783
1.262,5.786
1.263,5.789
1.264,5.792
1.265,5.795
1.266,5.798
1.267,5.801
1.268,5.804
1.269,5.807
1.27,5.81
1.271,5.813
1.272,5.816
1.273,5.819
1.274,5.822
1.275,5.825
1.276,5.828
1.277,5.831
1.278,5.834
1.279,5.837
1.28,5.84
1.281,5.843
1.282,5.846
1.283,5.849
1.284,5.852
1.285,5.855
1.286,5.858
1.287,5.861
1.288,5.864
1.289,5.867
1.29,5.87
1.291,5.873
1.292,5.876
1.293,5.879
1.294,5.882
1.295,5.885
1.296,5.888
1.297,5.891
1.298,5.894
1.299,5.897
1.3,5.9
1.301,5.903
1.302,5.906
1.303,5.909
1.304,5.912
1.305,5.915
1.306,5.918
1.307,5.921
1.308,5.924
1.309,5.927
1.31,5.93
1.311,5.933
1.312,5.936
1.313,5.939
1.314,5.942
1.315,5.945
1.316,5.948
1.317,5.951
1.318,5.954
1.319,5.957
1.32,5.96
1.321,5.963
1.322,5.966
1.323,5.969
1.324,5.972
1.325,5.975
1.326,5.978
1.327,5.981
1.328,5.984
1.329,5.987
1.33,5.99
1.331,5.993
1.332,5.996
1.333,5.999
1.334,6.002
1.335,6.005
1.336,6.008
1.337,6.011
1.338,6.014
1.339,6.017
1.34,6.02
1.341,6.023
1.342,6.026
1.343,6.029
1.344,6.032
1.345,6.035
1.346,6.038
1.347,6.041
1.348,6.044
1.349,6.047
1.35,6.05
1.351,6.053
1.352,6.056
1.353,6.059
1.354,6.062
1.355,6.065
1.356,6.068
1.357,6.071
1.358,6.074
1.359,6.077
1.36,6.08
1.361,6.083
1.362,6.086
1.363,6.089
1.364,6.092
1.365,6.095
1.366,6.098
1.367,6.101
1.368,6.104
1.369,6.107
1.37,6.11
1.371,6.113
1.372,6.116
1.373,6.119
1.374,6.122
1.375,6.125
1.376,6.128
1.377,6.131
1.378,6.134
1.379,6.137
1.38,6.14
1.381,6.143
1.382,6.146
1.383,6.149
1.384,6.152
1.385,6.155
1.386,6.158
1.387,6.161
1.388,6.164
1.389,6.167
1.39,6.17
1.391,6.173
1.392,6.176
1.393,6.179
1.394,6.182
1.395,6.185
1.396,6.188
1.397,6.191
1.398,6.194
1.399,6.197
1.4,6.2
1.401,6.203
1.402,6.206
1.403,6.209
1.404,6.212
1.405,6.215
1.406,6.218
1.407,6.221
1.408,6.224
1.409,6.227
1.41,6.23
1.411,6.233
1.412,6.236
1.413,6.239
1.414,6.242
1.415,6.245
1.416,6.248
1.417,6.251
1.418,6.254
1.419,6.257
1.42,6.26
1.421,6.263
1.422,6.266
1.423,6.269
1.424,6.272
1.425,6.275
1.426,6.278
1.427,6.281
1.428,6.284
1.429,6.287
1.43,6.29
1.431,6.293
1.432,6.296
1.433,6.299
1.434,6.302
1.435,6.305
1.436,6.308
1.437,6.311
1.438,6.314
1.439,6.317
1.44,6.32
1.441,6.323
1.442,6.326
1.443,6.329
1.444,6.332
1.445,6.335
1.446,6.338
1.447,6.341
1.448,6.344
1.449,6.347
1.45,6.35
1.451,6.353
1.452,6.356
1.453,6.359
1.454,6.362
1.455,6.365
1.456,6.368
1.457,6.371
1.458,6.374
1.459,6.377
1.46,6.38
1.461,6.383
1.462,6.386
1.463,6.389
1.464,6.392
1.465,6.395
1.466,6.398
1.467,6.401
1.468,6.404
1.469,6.407
1.47,6.41
1.471,6.413
1.472,6.416
1.473,6.419
1.474,6.422
1.475,6.425
1.476,6.428
1.477,6.431
1.478,6.434
1.479,6.437
1.48,6.44
1.481,6.443
1.482,6.446
1.483,6.449
1.484,6.452
1.485,6.455
1.486,6.458
1.487,6.461
1.488,6.464
1.489,6.467
1.49,6.47
1.491,6.473
1.492,6.476
1.493,6.479
1.494,6.482
1.495,6.485
1.496,6.488
1.497,6.491
1.498,6.494
1.499,6.497
1.5,6.5
1.501,6.503
1.502,6.506
1.503,6.509
1.504,6.512
1.505,6.515
1.506,6.518
1.507,6.521
1.508,6.524
1.509,6.527
1.51,6.53
1.511,6.533
1.512,6.536
1.513,6.539
1.514,6.542
1.515,6.545
1.516,6.548
1.517,6.551
1.518,6.554
1.519,6.557
1.52,6.56
1.521,6.563
1.522,6.566
1.523,6.569
1.524,6.572
1.525,6.575
1.526,6.578
1.527,6.581
1.528,6.584
1.529,6.587
1.53,6.59
1.531,6.593
1.532,6.596
1.533,6.599
1.534,6.602
1.535,6.605
1.536,6.608
1.537,6.611
1.538,6.614
1.539,6.617
1.54,6.62
1.541,6.623
1.542,6.626
1.543,6.629
1.544,6.632
1.545,6.635
1.546,6.638
1.547,6.641
1.548,6.644
1.549,6.647
1.55,6.65
1.551,6.653
1.552,6.656
1.553,6.659
1.554,6.662
1.555,6.665
1.556,6.668
1.557,6.671
1.558,6.674
1.559,6.677
1.56,6.68
1.561,6.683
1.562,6.686
1.563,6.689
1.564,6.692
1.565,6.695
1.566,6.698
1.567,6.701
1.568,6.704
1.569,6.707
1.57,6.71
1.571,6.713
1.572,6.716
1.573,6.719
1.574,6.722
1.575,6.725
1.576,6.728
1.577,6.731
1.578,6.734
1.579,6.737
1.58,6.74
1.581,6.743
1.582,6.746
1.583,6.749
1.584,6.752
1.585,6.755
1.586,6.758
1.587,6.761
1.588,6.764
1.589,6.767
1.59,6.77
1.591,6.773
1.592,6.776
1.593,6.779
1.594,6.782
1.595,6.785
1.596,6.788
1.597,6.791
1.598,6.794
1.599,6.797
1.6,6.8
1.601,6.803
1.602,6.806
1.603,6.809
1.604,6.812
1.605,6.815
1.606,6.818
1.607,6.821
1.608,6.824
1.609,6.827
1.61,6.83
1.611,6.833
1.612,6.836
1.613,6.839
1.614,6.842
1.615,6.845
1.616,6.848
1.617,6.851
1.618,6.854
1.619,6.857
1.62,6.86
1.621,6.863
1.622,6.866
1.623,6.869
1.624,6.872
1.625,6.875
1.626,6.878
1.627,6.881
1.628,6.884
1.629,6.887
1.63,6.89
1.631,6.893
1.632,6.896
1.633,6.899
1.634,6.902
1.635,6.905
1.636,6.908
1.637,6.911
1.638,6.914
1.639,6.917
1.64,6.92
1.641,6.923
1.642,6.926
1.643,6.929
1.644,6.932
1.645,6.935
1.646,6.938
1.647,6.941
1.648,6.944
1.649,6.947
1.65,6.95
1.651,6.953
1.652,6.956
1.653,6.959
1.654,6.962
1.655,6.965
1.656,6.968
1.657,6.971
1.658,6.974
1.659,6.977
1.66,6.98
1.661,6.983
1.662,6.986
1.663,6.989
1.664,6.992
1.665,6.995
1.666,6.998
1.667,7.001
1.668,7.004
1.669,7.007
1.67,7.01
1.671,7.013
1.672,7.016
1.673,7.019
1.674,7.022
1.675,7.025
1.676,7.028
1.677,7.031
1.678,7.034
1.679,7.037
1.68,7.04
1.681,7.043
1.682,7.046
1.683,7.049
1.684,7.052
1.685,7.055
1.686,7.058
1.687,7.061
1.688,7.064
1.689,7.067
1.69,7.07
1.691,7.073
1.692,7.076
1.693,7.079
1.694,7.082
1.695,7.085
1.696,7.088
1.697,7.091
1.698,7.094
1.699,7.097
1.7,7.1
1.701,7.103
1.702,7.106
1.703,7.109
1.704,7.112
1.705,7.115
1.706,7.118
1.707,7.121
1.708,7.124
1.709,7.127
1.71,7.13
1.711,7.133
1.712,7.136
1.713,7.139
1.714,7.142
1.715,7.145
1.716,7.148
1.717,7.151
1.718,7.154
1.719,7.157
1.72,7.16
1.721,7.163
1.722,7.166
1.723,7.169
1.724,7.172
1.725,7.175
1.726,7.178
1.727,7.181
1.728,7.184
1.729,7.187
1.73,7.19
1.731,7.193
1.732,7.196
1.733,7.199
1.734,7.202
1.735,7.205
1.736,7.208
1.737,7.211
1.738,7.214
1.739,7.217
1.74,7.22
1.741,7.223
1.742,7.226
1.743,7.229
1.744,7.232
1.745,7.235
1.746,7.238
1.747,7.241
1.748,7.244
1.749,7.247
1.75,7.25
1.751,7.253
1.752,7.256
1.753,7.259
1.754,7.262
1.755,7.265
1.756,7.268
1.757,7.271
1.758,7.274
1.759,7.277
1.76,7.28
1.761,7.283
1.762,7.286
1.763,7.289
1.764,7.292
1.765,7.295
1.766,7.298
1.767,7.301
1.768,7.304
1.769,7.307
1.77,7.31
1.771,7.313
1.772,7.316
1.773,7.319
1.774,7.322
1.775,7.325
1.776,7.328
1.777,7.331
1.778,7.334
1.779,7.337
1.78,7.34
1.781,7.343
1.782,7.346
1.783,7.349
1.784,7.352
1.785,7.355
1.786,7.358
1.787,7.361
1.788,7.364
1.789,7.367
1.79,7.37
1.791,7.373
1.792,7.376
1.793,7.379
1.794,7.382
1.795,7.385
1.796,7.388
1.797,7.391
1.798,7.394
1.799,7.397
1.8,7.4
1.801,7.403
1.802,7.406
1.803,7.409
1.804,7.412
1.805,7.415
1.806,7.418
1.807,7.421
1.808,7.424
1.809,7.427
1.81,7.43
1.811,7.433
1.812,7.436
1.813,7.439
1.814,7.442
1.815,7.445
1.816,7.448
1.817,7.451
1.818,7.454
1.819,7.457
1.82,7.46
1.821,7.463
1.822,7.466
1.823,7.469
1.824,7.472
1.825,7.475
1.826,7.478
1.827,7.481
1.828,7.484
1.829,7.487
1.83,7.49
1.831,7.493
1.832,7.496
1.833,7.499
1.834,7.502
1.835,7.505
1.836,7.508
1.837,7.511
1.838,7.514
1.839,7.517
1.84,7.52
1.841,7.523
1.842,7.526
1.843,7.529
1.844,7.532
1.845,7.535
1.846,7.538
1.847,7.541
1.848,7.544
1.849,7.547
1.85,7.55
1.851,7.553
1.852,7.556
1.853,7.559
1.854,7.562
1.855,7.565
1.856,7.568
1.857,7.571
1.858,7.574
1.859,7.577
1.86,7.58
1.861,7.583
1.862,7.586
1.863,7.589
1.864,7.592
1.865,7.595
1.866,7.598
1.867,7.601
1.868,7.604
1.869,7.607
1.87,7.61
1.871,7.613
1.872,7.616
1.873,7.619
1.874,7.622
1.875,7.625
1.876,7.628
1.877,7.631
1.878,7.634
1.879,7.637
1.88,7.64
1.881,7.643
1.882,7.646
1.883,7.649
1.884,7.652
1.885,7.655
1.886,7.658
1.887,7.661
1.888,7.664
1.889,7.667
1.89,7.67
1.891,7.673
1.892,7.676
1.893,7.679
1.894,7.682
1.895,7.685
1.896,7.688
1.897,7.691
1.898,7.694
1.899,7.697
1.9,7.7
1.901,7.703
1.902,7.706
1.903,7.709
1.904,7.712
1.905,7.715
1.906,7.718
1.907,7.721
1.908,7.724
1.909,7.727
1.91,7.73
1.911,7.733
1.912,7.736
1.913,7.739
1.914,7.742
1.915,7.745
1.916,7.748
1.917,7.751
1.918,7.754
1.919,7.757
1.92,7.76
1.921,7.763
1.922,7.766
1.923,7.769
1.924,7.772
1.925,7.775
1.926,7.778
1.927,7.781
1.928,7.784
1.929,7.787
1.93,7.79
1.931,7.793
1.932,7.796
1.933,7.799
1.934,7.802
1.935,7.805
1.936,7.808
1.937,7.811
1.938,7.814
1.939,7.817
1.94,7.82
1.941,7.823
1.942,7.826
1.943,7.829
1.944,7.832
1.945,7.835
1.946,7.838
1.947,7.841
1.948,7.844
1.949,7.847
1.95,7.85
1.951,7.853
1.952,7.856
1.953,7.859
1.954,7.862
1.955,7.865
1.956,7.868
1.957,7.871
1.958,7.874
1.959,7.877
1.96,7.88
1.961,7.883
1.962,7.886
1.963,7.889
1.964,7.892
1.965,7.895
1.966,7.898
1.967,7.901
1.968,7.904
1.969,7.907
1.97,7.91
1.971,7.913
1.972,7.916
1.973,7.919
1.974,7.922
1.975,7.925
1.976,7.928
1.977,7.931
1.978,7.934
1.979,7.937
1.98,7.94
1.981,7.943
1.982,7.946
1.983,7.949
1.984,7.952
1.985,7.955
1.986,7.958
1.987,7.961
1.988,7.964
1.989,7.967
1.99,7.97
1.991,7.973
1.992,7.976
1.993,7.979
1.994,7.982
1.995,7.985
1.996,7.988
1.997,7.991
1.998,7.994
1.999,7.997
2,8
2.001,8.003
2.002,8.006
2.003,8.009
2.004,8.012
2.005,8.015
2.006,8.018
2.007,8.021
2.008,8.024
2.009,8.027
2.01,8.03
2.011,8.033
2.012,8.036
2.013,8.039
2.014,8.042
2.015,8.045
2.016,8.048
2.017,8.051
2.018,8.054
2.019,8.057
2.02,8.06
2.021,8.063
2.022,8.066
2.023,8.069
2.024,8.072
2.025,8.075
2.026,8.078
2.027,8.081
2.028,8.084
2.029,8.087
2.03,8.09
2.031,8.093
2.032,8.096
2.033,8.099
2.034,8.102
2.035,8.105
2.036,8.108
2.037,8.111
2.038,8.114
2.039,8.117
2.04,8.12
2.041,8.123
2.042,8.126
2.043,8.129
2.044,8.132
2.045,8.135
2.046,8.138
2.047,8.141
2.048,8.144
2.049,8.147
2.05,8.15
2.051,8.153
2.052,8.156
2.053,8.159
2.054,8.162
2.055,8.165
2.056,8.168
2.057,8.171
2.058,8.174
2.059,8.177
2.06,8.18
2.061,8.183
2.062,8.186
2.063,8.189
2.064,8.192
2.065,8.195
2.066,8.198
2.067,8.201
2.068,8.204
2.069,8.207
2.07,8.21
2.071,8.213
2.072,8.216
2.073,8.219
2.074,8.222
2.075,8.225
2.076,8.228
2.077,8.231
2.078,8.234
2.079,8.237
2.08,8.24
2.081,8.243
2.082,8.246
2.083,8.249
2.084,8.252
2.085,8.255
2.086,8.258
2.087,8.261
2.088,8.264
2.089,8.267
2.09,8.27
2.091,8.273
2.092,8.276
2.093,8.279
2.094,8.282
2.095,8.285
2.096,8.288
2.097,8.291
2.098,8.294
2.099,8.297
2.1,8.3
2.101,8.303
2.102,8.306
2.103,8.309
2.104,8.312
2.105,8.315
2.106,8.318
2.107,8.321
2.108,8.324
2.109,8.327
2.11,8.33
2.111,8.333
2.112,8.336
2.113,8.339
2.114,8.342
2.115,8.345
2.116,8.348
2.117,8.351
2.118,8.354
2.119,8.357
2.12,8.36
2.121,8.363
2.122,8.366
2.123,8.369
2.124,8.372
2.125,8.375
2.126,8.378
2.127,8.381
2.128,8.384
2.129,8.387
2.13,8.39
2.131,8.393
2.132,8.396
2.133,8.399
2.134,8.402
2.135,8.405
2.136,8.408
2.137,8.411
2.138,8.414
2.139,8.417
2.14,8.42
2.141,8.423
2.142,8.426
2.143,8.429
2.144,8.432
2.145,8.435
2.146,8.438
2.147,8.441
2.148,8.444
2.149,8.447
2.15,8.45
2.151,8.453
2.152,8.456
2.153,8.459
2.154,8.462
2.155,8.465
2.156,8.468
2.157,8.471
2.158,8.474
2.159,8.477
2.16,8.48
2.161,8.483
2.162,8.486
2.163,8.489
2.164,8.492
2.165,8.495
2.166,8.498
2.167,8.501
2.168,8.504
2.169,8.507
2.17,8.51
2.171,8.513
2.172,8.516
2.173,8.519
2.174,8.522
2.175,8.525
2.176,8.528
2.177,8.531
2.178,8.534
2.179,8.537
2.18,8.54
2.181,8.543
2.182,8.546
2.183,8.549
2.184,8.552
2.185,8.555
2.186,8.558
2.187,8.561
2.188,8.564
2.189,8.567
2.19,8.57
2.191,8.573
2.192,8.576
2.193,8.579
2.194,8.582
2.195,8.585
2.196,8.588
2.197,8.591
2.198,8.594
2.199,8.597
2.2,8.6
2.201,8.603
2.202,8.606
2.203,8.609
2.204,8.612
2.205,8.615
2.206,8.618
2.207,8.621
2.208,8.624
2.209,8.627
2.21,8.63
2.211,8.633
2.212,8.636
2.213,8.639
2.214,8.642
2.215,8.645
2.216,8.648
2.217,8.651
2.218,8.654
2.219,8.657
2.22,8.66
2.221,8.663
2.222,8.666
2.223,8.669
2.224,8.672
2.225,8.675
2.226,8.678
2.227,8.681
2.228,8.684
2.229,8.687
2.23,8.69
2.231,8.693
2.232,8.696
2.233,8.699
2.234,8.702
2.235,8.705
2.236,8.708
2.237,8.711
2.238,8.714
2.239,8.717
2.24,8.72
2.241,8.723
2.242,8.726
2.243,8.729
2.244,8.732
2.245,8.735
2.246,8.738
2.247,8.741
2.248,8.744
2.249,8.747
2.25,8.75
2.251,8.753
2.252,8.756
2.253,8.759
2.254,8.762
2.255,8.765
2.256,8.768
2.257,8.771
2.258,8.774
2.259,8.777
2.26,8.78
2.261,8.783
2.262,8.786
2.263,8.789
2.264,8.792
2.265,8.795
2.266,8.798
2.267,8.801
2.268,8.804
2.269,8.807
2.27,8.81
2.271,8.813
2.272,8.816
2.273,8.819
2.274,8.822
2.275,8.825
2.276,8.828
2.277,8.831
2.278,8.834
2.279,8.837
2.28,8.84
2.281,8.843
2.282,8.846
2.283,8.849
2.284,8.852
2.285,8.855
2.286,8.858
2.287,8.861
2.288,8.864
2.289,8.867
2.29,8.87
2.291,8.873
2.292,8.876
2.293,8.879
2.294,8.882
2.295,8.885
2.296,8.888
2.297,8.891
2.298,8.894
2.299,8.897
2.3,8.9
2.301,8.903
2.302,8.906
2.303,8.909
2.304,8.912
2.305,8.915
2.306,8.918
2.307,8.921
2.308,8.924
2.309,8.927
2.31,8.93
2.311,8.933
2.312,8.936
2.313,8.939
2.314,8.942
2.315,8.945
2.316,8.948
2.317,8.951
2.318,8.954
2.319,8.957
2.32,8.96
2.321,8.963
2.322,8.966
2.323,8.969
2.324,8.972
2.325,8.975
2.326,8.978
2.327,8.981
2.328,8.984
2.329,8.987
2.33,8.99
2.331,8.993
2.332,8.996
2.333,8.999
2.334,9.002
2.335,9.005
2.336,9.008
2.337,9.011
2.338,9.014
2.339,9.017
2.34,9.02
2.341,9.023
2.342,9.026
2.343,9.029
2.344,9.032
2.345,9.035
2.346,9.038
2.347,9.041
2.348,9.044
2.349,9.047
2.35,9.05
2.351,9.053
2.352,9.056
2.353,9.059
2.354,9.062
2.355,9.065
2.356,9.068
2.357,9.071
2.358,9.074
2.359,9.077
2.36,9.08
2.361,9.083
2.362,9.086
2.363,9.089
2.364,9.092
2.365,9.095
2.366,9.098
2.367,9.101
2.368,9.104
2.369,9.107
2.37,9.11
2.371,9.113
2.372,9.116
2.373,9.119
2.374,9.122
2.375,9.125
2.376,9.128
2.377,9.131
2.378,9.134
2.379,9.137
2.38,9.14
2.381,9.143
2.382,9.146
2.383,9.149
2.384,9.152
2.385,9.155
2.386,9.158
2.387,9.161
2.388,9.164
2.389,9.167
2.39,9.17
2.391,9.173
2.392,9.176
2.393,9.179
2.394,9.182
2.395,9.185
2.396,9.188
2.397,9.191
2.398,9.194
2.399,9.197
2.4,9.2
2.401,9.203
2.402,9.206
2.403,9.209
2.404,9.212
2.405,9.215
2.406,9.218
2.407,9.221
2.408,9.224
2.409,9.227
2.41,9.23
2.411,9.233
2.412,9.236
2.413,9.239
2.414,9.242
2.415,9.245
2.416,9.248
2.417,9.251
2.418,9.254
2.419,9.257
2.42,9.26
2.421,9.263
2.422,9.266
2.423,9.269
2.424,9.272
2.425,9.275
2.426,9.278
2.427,9.281
2.428,9.284
2.429,9.287
2.43,9.29
2.431,9.293
2.432,9.296
2.433,9.299
2.434,9.302
2.435,9.305
2.436,9.308
2.437,9.311
2.438,9.314
2.439,9.317
2.44,9.32
2.441,9.323
2.442,9.326
2.443,9.329
2.444,9.332
2.445,9.335
2.446,9.338
2.447,9.341
2.448,9.344
2.449,9.347
2.45,9.35
2.451,9.353
2.452,9.356
2.453,9.359
2.454,9.362
2.455,9.365
2.456,9.368
2.457,9.371
2.458,9.374
2.459,9.377
2.46,9.38
2.461,9.383
2.462,9.386
2.463,9.389
2.464,9.392
2.465,9.395
2.466,9.398
2.467,9.401
2.468,9.404
2.469,9.407
2.47,9.41
2.471,9.413
2.472,9.416
2.473,9.419
2.474,9.422
2.475,9.425
2.476,9.428
2.477,9.431
2.478,9.434
2.479,9.437
2.48,9.44
2.481,9.443
2.482,9.446
2.483,9.449
2.484,9.452
2.485,9.455
2.486,9.458
2.487,9.461
2.488,9.464
2.489,9.467
2.49,9.47
2.491,9.473
2.492,9.476
2.493,9.479
2.494,9.482
2.495,9.485
2.496,9.488
2.497,9.491
2.498,9.494
2.499,9.497
2.5,9.5
2.501,9.503
2.502,9.506
2.503,9.509
2.504,9.512
2.505,9.515
2.506,9.518
2.507,9.521
2.508,9.524
2.509,9.527
2.51,9.53
2.511,9.533
2.512,9.536
2.513,9.539
2.514,9.542
2.515,9.545
2.516,9.548
2.517,9.551
2.518,9.554
2.519,9.557
2.52,9.56
2.521,9.563
2.522,9.566
2.523,9.569
2.524,9.572
2.525,9.575
2.526,9.578
2.527,9.581
2.528,9.584
2.529,9.587
2.53,9.59
2.531,9.593
2.532,9.596
2.533,9.599
2.534,9.602
2.535,9.605
2.536,9.608
2.537,9.611
2.538,9.614
2.539,9.617
2.54,9.62
2.541,9.623
2.542,9.626
2.543,9.629
2.544,9.632
2.545,9.635
2.546,9.638
2.547,9.641
2.548,9.644
2.549,9.647
2.55,9.65
2.551,9.653
2.552,9.656
2.553,9.659
2.554,9.662
2.555,9.665
2.556,9.668
2.557,9.671
2.558,9.674
2.559,9.677
2.56,9.68
2.561,9.683
2.562,9.686
2.563,9.689
2.564,9.692
2.565,9.695
2.566,9.698
2.567,9.701
2.568,9.704
2.569,9.707
2.57,9.71
2.571,9.713
2.572,9.716
2.573,9.719
2.574,9.722
2.575,9.725
2.576,9.728
2.577,9.731
2.578,9.734
2.579,9.737
2.58,9.74
2.581,9.743
2.582,9.746
2.583,9.749
2.584,9.752
2.585,9.755
2.586,9.758
2.587,9.761
2.588,9.764
2.589,9.767
2.59,9.77
2.591,9.773
2.592,9.776
2.593,9.779
2.594,9.782
2.595,9.785
2.596,9.788
2.597,9.791
2.598,9.794
2.599,9.797
2.6,9.8
2.601,9.803
2.602,9.806
2.603,9.809
2.604,9.812
2.605,9.815
2.606,9.818
2.607,9.821
2.608,9.824
2.609,9.827
2.61,9.83
2.611,9.833
2.612,9.836
2.613,9.839
2.614,9.842
2.615,9.845
2.616,9.848
2.617,9.851
2.618,9.854
2.619,9.857
2.62,9.86
2.621,9.863
2.622,9.866
2.623,9.869
2.624,9.872
2.625,9.875
2.626,9.878
2.627,9.881
2.628,9.884
2.629,9.887
2.63,9.89
2.631,9.893
2.632,9.896
2.633,9.899
2.634,9.902
2.635,9.905
2.636,9.908
2.637,9.911
2.638,9.914
2.639,9.917
2.64,9.92
2.641,9.923
2.642,9.926
2.643,9.929
2.644,9.932
2.645,9.935
2.646,9.938
2.647,9.941
2.648,9.944
2.649,9.947
2.65,9.95
2.651,9.953
2.652,9.956
2.653,9.959
2.654,9.962
2.655,9.965
2.656,9.968
2.657,9.971
2.658,9.974
2.659,9.977
2.66,9.98
2.661,9.983
2.662,9.986
2.663,9.989
2.664,9.992
2.665,9.995
2.666,9.998
2.667,10.001
2.668,10.004
2.669,10.007
2.67,10.01
2.671,10.013
2.672,10.016
2.673,10.019
2.674,10.022
2.675,10.025
2.676,10.028
2.677,10.031
2.678,10.034
2.679,10.037
2.68,10.04
2.681,10.043
2.682,10.046
2.683,10.049
2.684,10.052
2.685,10.055
2.686,10.058
2.687,10.061
2.688,10.064
2.689,10.067
2.69,10.07
2.691,10.073
2.692,10.076
2.693,10.079
2.694,10.082
2.695,10.085
2.696,10.088
2.697,10.091
2.698,10.094
2.699,10.097
2.7,10.1
2.701,10.103
2.702,10.106
2.703,10.109
2.704,10.112
2.705,10.115
2.706,10.118
2.707,10.121
2.708,10.124
2.709,10.127
2.71,10.13
2.711,10.133
2.712,10.136
2.713,10.139
2.714,10.142
2.715,10.145
2.716,10.148
2.717,10.151
2.718,10.154
2.719,10.157
2.72,10.16
2.721,10.163
2.722,10.166
2.723,10.169
2.724,10.172
2.725,10.175
2.726,10.178
2.727,10.181
2.728,10.184
2.729,10.187
2.73,10.19
2.731,10.193
2.732,10.196
2.733,10.199
2.734,10.202
2.735,10.205
2.736,10.208
2.737,10.211
2.738,10.214
2.739,10.217
2.74,10.22
2.741,10.223
2.742,10.226
2.743,10.229
2.744,10.232
2.745,10.235
2.746,10.238
2.747,10.241
2.748,10.244
2.749,10.247
2.75,10.25
2.751,10.253
2.752,10.256
2.753,10.259
2.754,10.262
2.755,10.265
2.756,10.268
2.757,10.271
2.758,10.274
2.759,10.277
2.76,10.28
2.761,10.283
2.762,10.286
2.763,10.289
2.764,10.292
2.765,10.295
2.766,10.298
2.767,10.301
2.768,10.304
2.769,10.307
2.77,10.31
2.771,10.313
2.772,10.316
2.773,10.319
2.774,10.322
2.775,10.325
2.776,10.328
2.777,10.331
2.778,10.334
2.779,10.337
2.78,10.34
2.781,10.343
2.782,10.346
2.783,10.349
2.784,10.352
2.785,10.355
2.786,10.358
2.787,10.361
2.788,10.364
2.789,10.367
2.79,10.37
2.791,10.373
2.792,10.376
2.793,10.379
2.794,10.382
2.795,10.385
2.796,10.388
2.797,10.391
2.798,10.394
2.799,10.397
2.8,10.4
2.801,10.403
2.802,10.406
2.803,10.409
2.804,10.412
2.805,10.415
2.806,10.418
2.807,10.421
2.808,10.424
2.809,10.427
2.81,10.43
2.811,10.433
2.812,10.436
2.813,10.439
2.814,10.442
2.815,10.445
2.816,10.448
2.817,10.451
2.818,10.454
2.819,10.457
2.82,10.46
2.821,10.463
2.822,10.466
2.823,10.469
2.824,10.472
2.825,10.475
2.826,10.478
2.827,10.481
2.828,10.484
2.829,10.487
2.83,10.49
2.831,10.493
2.832,10.496
2.833,10.499
2.834,10.502
2.835,10.505
2.836,10.508
2.837,10.511
2.838,10.514
2.839,10.517
2.84,10.52
2.841,10.523
2.842,10.526
2.843,10.529
2.844,10.532
2.845,10.535
2.846,10.538
2.847,10.541
2.848,10.544
2.849,10.547
2.85,10.55
2.851,10.553
2.852,10.556
2.853,10.559
2.854,10.562
2.855,10.565
2.856,10.568
2.857,10.571
2.858,10.574
2.859,10.577
2.86,10.58
2.861,10.583
2.862,10.586
2.863,10.589
2.864,10.592
2.865,10.595
2.866,10.598
2.867,10.601
2.868,10.604
2.869,10.607
2.87,10.61
2.871,10.613
2.872,10.616
2.873,10.619
2.874,10.622
2.875,10.625
2.876,10.628
2.877,10.631
2.878,10.634
2.879,10.637
2.88,10.64
2.881,10.643
2.882,10.646
2.883,10.649
2.884,10.652
2.885,10.655
2.886,10.658
2.887,10.661
2.888,10.664
2.889,10.667
2.89,10.67
2.891,10.673
2.892,10.676
2.893,10.679
2.894,10.682
2.895,10.685
2.896,10.688
2.897,10.691
2.898,10.694
2.899,10.697
2.9,10.7
2.901,10.703
2.902,10.706
2.903,10.709
2.904,10.712
2.905,10.715
2.906,10.718
2.907,10.721
2.908,10.724
2.909,10.727
2.91,10.73
2.911,10.733
2.912,10.736
2.913,10.739
2.914,10.742
2.915,10.745
2.916,10.748
2.917,10.751
2.918,10.754
2.919,10.757
2.92,10.76
2.921,10.763
2.922,10.766
2.923,10.769
2.924,10.772
2.925,10.775
2.926,10.778
2.927,10.781
2.928,10.784
2.929,10.787
2.93,10.79
2.931,10.793
2.932,10.796
2.933,10.799
2.934,10.802
2.935,10.805
2.936,10.808
2.937,10.811
2.938,10.814
2.939,10.817
2.94,10.82
2.941,10.823
2.942,10.826
2.943,10.829
2.944,10.832
2.945,10.835
2.946,10.838
2.947,10.841
2.948,10.844
2.949,10.847
2.95,10.85
2.951,10.853
2.952,10.856
2.953,10.859
2.954,10.862
2.955,10.865
2.956,10.868
2.957,10.871
2.958,10.874
2.959,10.877
2.96,10.88
2.961,10.883
2.962,10.886
2.963,10.889
2.964,10.892
2.965,10.895
2.966,10.898
2.967,10.901
2.968,10.904
2.969,10.907
2.97,10.91
2.971,10.913
2.972,10.916
2.973,10.919
2.974,10.922
2.975,10.925
2.976,10.928
2.977,10.931
2.978,10.934
2.979,10.937
2.98,10.94
2.981,10.943
2.982,10.946
2.983,10.949
2.984,10.952
2.985,10.955
2.986,10.958
2.987,10.961
2.988,10.964
2.989,10.967
2.99,10.97
2.991,10.973
2.992,10.976
2.993,10.979
2.994,10.982
2.995,10.985
2.996,10.988
2.997,10.991
2.998,10.994
2.999,10.997
3,11
3.001,11.003
3.002,11.006
3.003,11.009
3.004,11.012
3.005,11.015
3.006,11.018
3.007,11.021
3.008,11.024
3.009,11.027
3.01,11.03
3.011,11.033
3.012,11.036
3.013,11.039
3.014,11.042
3.015,11.045
3.016,11.048
3.017,11.051
3.018,11.054
3.019,11.057
3.02,11.06
3.021,11.063
3.022,11.066
3.023,11.069
3.024,11.072
3.025,11.075
3.026,11.078
3.027,11.081
3.028,11.084
3.029,11.087
3.03,11.09
3.031,11.093
3.032,11.096
3.033,11.099
3.034,11.102
3.035,11.105
3.036,11.108
3.037,11.111
3.038,11.114
3.039,11.117
3.04,11.12
3.041,11.123
3.042,11.126
3.043,11.129
3.044,11.132
3.045,11.135
3.046,11.138
3.047,11.141
3.048,11.144
3.049,11.147
3.05,11.15
3.051,11.153
3.052,11.156
3.053,11.159
3.054,11.162
3.055,11.165
3.056,11.168
3.057,11.171
3.058,11.174
3.059,11.177
3.06,11.18
3.061,11.183
3.062,11.186
3.063,11.189
3.064,11.192
3.065,11.195
3.066,11.198
3.067,11.201
3.068,11.204
3.069,11.207
3.07,11.21
3.071,11.213
3.072,11.216
3.073,11.219
3.074,11.222
3.075,11.225
3.076,11.228
3.077,11.231
3.078,11.234
3.079,11.237
3.08,11.24
3.081,11.243
3.082,11.246
3.083,11.249
3.084,11.252
3.085,11.255
3.086,11.258
3.087,11.261
3.088,11.264
3.089,11.267
3.09,11.27
3.091,11.273
3.092,11.276
3.093,11.279
3.094,11.282
3.095,11.285
3.096,11.288
3.097,11.291
3.098,11.294
3.099,11.297
3.1,11.3
3.101,11.303
3.102,11.306
3.103,11.309
3.104,11.312
3.105,11.315
3.106,11.318
3.107,11.321
3.108,11.324
3.109,11.327
3.11,11.33
3.111,11.333
3.112,11.336
3.113,11.339
3.114,11.342
3.115,11.345
3.116,11.348
3.117,11.351
3.118,11.354
3.119,11.357
3.12,11.36
3.121,11.363
3.122,11.366
3.123,11.369
3.124,11.372
3.125,11.375
3.126,11.378
3.127,11.381
3.128,11.384
3.129,11.387
3.13,11.39
3.131,11.393
3.132,11.396
3.133,11.399
3.134,11.402
3.135,11.405
3.136,11.408
3.137,11.411
3.138,11.414
3.139,11.417
3.14,11.42
3.141,11.423
3.142,11.426
3.143,11.429
3.144,11.432
3.145,11.435
3.146,11.438
3.147,11.441
3.148,11.444
3.149,11.447
3.15,11.45
3.151,11.453
3.152,11.456
3.153,11.459
3.154,11.462
3.155,11.465
3.156,11.468
3.157,11.471
3.158,11.474
3.159,11.477
3.16,11.48
3.161,11.483
3.162,11.486
3.163,11.489
3.164,11.492
3.165,11.495
3.166,11.498
3.167,11.501
3.168,11.504
3.169,11.507
3.17,11.51
3.171,11.513
3.172,11.516
3.173,11.519
3.174,11.522
3.175,11.525
3.176,11.528
3.177,11.531
3.178,11.534
3.179,11.537
3.18,11.54
3.181,11.543
3.182,11.546
3.183,11.549
3.184,11.552
3.185,11.555
3.186,11.558
3.187,11.561
3.188,11.564
3.189,11.567
3.19,11.57
3.191,11.573
3.192,11.576
3.193,11.579
3.194,11.582
3.195,11.585
3.196,11.588
3.197,11.591
3.198,11.594
3.199,11.597
3.2,11.6
3.201,11.603
3.202,11.606
3.203,11.609
3.204,11.612
3.205,11.615
3.206,11.618
3.207,11.621
3.208,11.624
3.209,11.627
3.21,11.63
3.211,11.633
3.212,11.636
3.213,11.639
3.214,11.642
3.215,11.645
3.216,11.648
3.217,11.651
3.218,11.654
3.219,11.657
3.22,11.66
3.221,11.663
3.222,11.666
3.223,11.669
3.224,11.672
3.225,11.675
3.226,11.678
3.227,11.681
3.228,11.684
3.229,11.687
3.23,11.69
3.231,11.693
3.232,11.696
3.233,11.699
3.234,11.702
3.235,11.705
3.236,11.708
3.237,11.711
3.238,11.714
3.239,11.717
3.24,11.72
3.241,11.723
3.242,11.726
3.243,11.729
3.244,11.732
3.245,11.735
3.246,11.738
3.247,11.741
3.248,11.744
3.249,11.747
3.25,11.75
3.251,11.753
3.252,11.756
3.253,11.759
3.254,11.762
3.255,11.765
3.256,11.768
3.257,11.771
3.258,11.774
3.259,11.777
3.26,11.78
3.261,11.783
3.262,11.786
3.263,11.789
3.264,11.792
3.265,11.795
3.266,11.798
3.267,11.801
3.268,11.804
3.269,11.807
3.27,11.81
3.271,11.813
3.272,11.816
3.273,11.819
3.274,11.822
3.275,11.825
3.276,11.828
3.277,11.831
3.278,11.834
3.279,11.837
3.28,11.84
3.281,11.843
3.282,11.846
3.283,11.849
3.284,11.852
3.285,11.855
3.286,11.858
3.287,11.861
3.288,11.864
3.289,11.867
3.29,11.87
3.291,11.873
3.292,11.876
3.293,11.879
3.294,11.882
3.295,11.885
3.296,11.888
3.297,11.891
3.298,11.894
3.299,11.897
3.3,11.9
3.301,11.903
3.302,11.906
3.303,11.909
3.304,11.912
3.305,11.915
3.306,11.918
3.307,11.921
3.308,11.924
3.309,11.927
3.31,11.93
3.311,11.933
3.312,11.936
3.313,11.939
3.314,11.942
3.315,11.945
3.316,11.948
3.317,11.951
3.318,11.954
3.319,11.957
3.32,11.96
3.321,11.963
3.322,11.966
3.323,11.969
3.324,11.972
3.325,11.975
3.326,11.978
3.327,11.981
3.328,11.984
3.329,11.987
3.33,11.99
3.331,11.993
3.332,11.996
3.333,11.999
3.334,12.002
3.335,12.005
3.336,12.008
3.337,12.011
3.338,12.014
3.339,12.017
3.34,12.02
3.341,12.023
3.342,12.026
3.343,12.029
3.344,12.032
3.345,12.035
3.346,12.038
3.347,12.041
3.348,12.044
3.349,12.047
3.35,12.05
3.351,12.053
3.352,12.056
3.353,12.059
3.354,12.062
3.355,12.065
3.356,12.068
3.357,12.071
3.358,12.074
3.359,12.077
3.36,12.08
3.361,12.083
3.362,12.086
3.363,12.089
3.364,12.092
3.365,12.095
3.366,12.098
3.367,12.101
3.368,12.104
3.369,12.107
3.37,12.11
3.371,12.113
3.372,12.116
3.373,12.119
3.374,12.122
3.375,12.125
3.376,12.128
3.377,12.131
3.378,12.134
3.379,12.137
3.38,12.14
3.381,12.143
3.382,12.146
3.383,12.149
3.384,12.152
3.385,12.155
3.386,12.158
3.387,12.161
3.388,12.164
3.389,12.167
3.39,12.17
3.391,12.173
3.392,12.176
3.393,12.179
3.394,12.182
3.395,12.185
3.396,12.188
3.397,12.191
3.398,12.194
3.399,12.197
3.4,12.2
3.401,12.203
3.402,12.206
3.403,12.209
3.404,12.212
3.405,12.215
3.406,12.218
3.407,12.221
3.408,12.224
3.409,12.227
3.41,12.23
3.411,12.233
3.412,12.236
3.413,12.239
3.414,12.242
3.415,12.245
3.416,12.248
3.417,12.251
3.418,12.254
3.419,12.257
3.42,12.26
3.421,12.263
3.422,12.266
3.423,12.269
3.424,12.272
3.425,12.275
3.426,12.278
3.427,12.281
3.428,12.284
3.429,12.287
3.43,12.29
3.431,12.293
3.432,12.296
3.433,12.299
3.434,12.302
3.435,12.305
3.436,12.308
3.437,12.311
3.438,12.314
3.439,12.317
3.44,12.32
3.441,12.323
3.442,12.326
3.443,12.329
3.444,12.332
3.445,12.335
3.446,12.338
3.447,12.341
3.448,12.344
3.449,12.347
3.45,12.35
3.451,12.353
3.452,12.356
3.453,12.359
3.454,12.362
3.455,12.365
3.456,12.368
3.457,12.371
3.458,12.374
3.459,12.377
3.46,12.38
3.461,12.383
3.462,12.386
3.463,12.389
3.464,12.392
3.465,12.395
3.466,12.398
3.467,12.401
3.468,12.404
3.469,12.407
3.47,12.41
3.471,12.413
3.472,12.416
3.473,12.419
3.474,12.422
3.475,12.425
3.476,12.428
3.477,12.431
3.478,12.434
3.479,12.437
3.48,12.44
3.481,12.443
3.482,12.446
3.483,12.449
3.484,12.452
3.485,12.455
3.486,12.458
3.487,12.461
3.488,12.464
3.489,12.467
3.49,12.47
3.491,12.473
3.492,12.476
3.493,12.479
3.494,12.482
3.495,12.485
3.496,12.488
3.497,12.491
3.498,12.494
3.499,12.497
3.5,12.5
3.501,12.503
3.502,12.506
3.503,12.509
3.504,12.512
3.505,12.515
3.506,12.518
3.507,12.521
3.508,12.524
3.509,12.527
3.51,12.53
3.511,12.533
3.512,12.536
3.513,12.539
3.514,12.542
3.515,12.545
3.516,12.548
3.517,12.551
3.518,12.554
3.519,12.557
3.52,12.56
3.521,12.563
3.522,12.566
3.523,12.569
3.524,12.572
3.525,12.575
3.526,12.578
3.527,12.581
3.528,12.584
3.529,12.587
3.53,12.59
3.531,12.593
3.532,12.596
3.533,12.599
3.534,12.602
3.535,12.605
3.536,12.608
3.537,12.611
3.538,12.614
3.539,12.617
3.54,12.62
3.541,12.623
3.542,12.626
3.543,12.629
3.544,12.632
3.545,12.635
3.546,12.638
3.547,12.641
3.548,12.644
3.549,12.647
3.55,12.65
3.551,12.653
3.552,12.656
3.553,12.659
3.554,12.662
3.555,12.665
3.556,12.668
3.557,12.671
3.558,12.674
3.559,12.677
3.56,12.68
3.561,12.683
3.562,12.686
3.563,12.689
3.564,12.692
3.565,12.695
3.566,12.698
3.567,12.701
3.568,12.704
3.569,12.707
3.57,12.71
3.571,12.713
3.572,12.716
3.573,12.719
3.574,12.722
3.575,12.725
3.576,12.728
3.577,12.731
3.578,12.734
3.579,12.737
3.58,12.74
3.581,12.743
3.582,12.746
3.583,12.749
3.584,12.752
3.585,12.755
3.586,12.758
3.587,12.761
3.588,12.764
3.589,12.767
3.59,12.77
3.591,12.773
3.592,12.776
3.593,12.779
3.594,12.782
3.595,12.785
3.596,12.788
3.597,12.791
3.598,12.794
3.599,12.797
3.6,12.8
3.601,12.803
3.602,12.806
3.603,12.809
3.604,12.812
3.605,12.815
3.606,12.818
3.607,12.821
3.608,12.824
3.609,12.827
3.61,12.83
3.611,12.833
3.612,12.836
3.613,12.839
3.614,12.842
3.615,12.845
3.616,12.848
3.617,12.851
3.618,12.854
3.619,12.857
3.62,12.86
3.621,12.863
3.622,12.866
3.623,12.869
3.624,12.872
3.625,12.875
3.626,12.878
3.627,12.881
3.628,12.884
3.629,12.887
3.63,12.89
3.631,12.893
3.632,12.896
3.633,12.899
3.634,12.902
3.635,12.905
3.636,12.908
3.637,12.911
3.638,12.914
3.639,12.917
3.64,12.92
3.641,12.923
3.642,12.926
3.643,12.929
3.644,12.932
3.645,12.935
3.646,12.938
3.647,12.941
3.648,12.944
3.649,12.947
3.65,12.95
3.651,12.953
3.652,12.956
3.653,12.959
3.654,12.962
3.655,12.965
3.656,12.968
3.657,12.971
3.658,12.974
3.659,12.977
3.66,12.98
3.661,12.983
3.662,12.986
3.663,12.989
3.664,12.992
3.665,12.995
3.666,12.998
3.667,13.001
3.668,13.004
3.669,13.007
3.67,13.01
3.671,13.013
3.672,13.016
3.673,13.019
3.674,13.022
3.675,13.025
3.676,13.028
3.677,13.031
3.678,13.034
3.679,13.037
3.68,13.04
3.681,13.043
3.682,13.046
3.683,13.049
3.684,13.052
3.685,13.055
3.686,13.058
3.687,13.061
3.688,13.064
3.689,13.067
3.69,13.07
3.691,13.073
3.692,13.076
3.693,13.079
3.694,13.082
3.695,13.085
3.696,13.088
3.697,13.091
3.698,13.094
3.699,13.097
3.7,13.1
3.701,13.103
3.702,13.106
3.703,13.109
3.704,13.112
3.705,13.115
3.706,13.118
3.707,13.121
3.708,13.124
3.709,13.127
3.71,13.13
3.711,13.133
3.712,13.136
3.713,13.139
3.714,13.142
3.715,13.145
3.716,13.148
3.717,13.151
3.718,13.154
3.719,13.157
3.72,13.16
3.721,13.163
3.722,13.166
3.723,13.169
3.724,13.172
3.725,13.175
3.726,13.178
3.727,13.181
3.728,13.184
3.729,13.187
3.73,13.19
3.731,13.193
3.732,13.196
3.733,13.199
3.734,13.202
3.735,13.205
3.736,13.208
3.737,13.211
3.738,13.214
3.739,13.217
3.74,13.22
3.741,13.223
3.742,13.226
3.743,13.229
3.744,13.232
3.745,13.235
3.746,13.238
3.747,13.241
3.748,13.244
3.749,13.247
3.75,13.25
3.751,13.253
3.752,13.256
3.753,13.259
3.754,13.262
3.755,13.265
3.756,13.268
3.757,13.271
3.758,13.274
3.759,13.277
3.76,13.28
3.761,13.283
3.762,13.286
3.763,13.289
3.764,13.292
3.765,13.295
3.766,13.298
3.767,13.301
3.768,13.304
3.769,13.307
3.77,13.31
3.771,13.313
3.772,13.316
3.773,13.319
3.774,13.322
3.775,13.325
3.776,13.328
3.777,13.331
3.778,13.334
3.779,13.337
3.78,13.34
3.781,13.343
3.782,13.346
3.783,13.349
3.784,13.352
3.785,13.355
3.786,13.358
3.787,13.361
3.788,13.364
3.789,13.367
3.79,13.37
3.791,13.373
3.792,13.376
3.793,13.379
3.794,13.382
3.795,13.385
3.796,13.388
3.797,13.391
3.798,13.394
3.799,13.397
3.8,13.4
3.801,13.403
3.802,13.406
3.803,13.409
3.804,13.412
3.805,13.415
3.806,13.418
3.807,13.421
3.808,13.424
3.809,13.427
3.81,13.43
3.811,13.433
3.812,13.436
3.813,13.439
3.814,13.442
3.815,13.445
3.816,13.448
3.817,13.451
3.818,13.454
3.819,13.457
3.82,13.46
3.821,13.463
3.822,13.466
3.823,13.469
3.824,13.472
3.825,13.475
3.826,13.478
3.827,13.481
3.828,13.484
3.829,13.487
3.83,13.49
3.831,13.493
3.832,13.496
3.833,13.499
3.834,13.502
3.835,13.505
3.836,13.508
3.837,13.511
3.838,13.514
3.839,13.517
3.84,13.52
3.841,13.523
3.842,13.526
3.843,13.529
3.844,13.532
3.845,13.535
3.846,13.538
3.847,13.541
3.848,13.544
3.849,13.547
3.85,13.55
3.851,13.553
3.852,13.556
3.853,13.559
3.854,13.562
3.855,13.565
3.856,13.568
3.857,13.571
3.858,13.574
3.859,13.577
3.86,13.58
3.861,13.583
3.862,13.586
3.863,13.589
3.864,13.592
3.865,13.595
3.866,13.598
3.867,13.601
3.868,13.604
3.869,13.607
3.87,13.61
3.871,13.613
3.872,13.616
3.873,13.619
3.874,13.622
3.875,13.625
3.876,13.628
3.877,13.631
3.878,13.634
3.879,13.637
3.88,13.64
3.881,13.643
3.882,13.646
3.883,13.649
3.884,13.652
3.885,13.655
3.886,13.658
3.887,13.661
3.888,13.664
3.889,13.667
3.89,13.67
3.891,13.673
3.892,13.676
3.893,13.679
3.894,13.682
3.895,13.685
3.896,13.688
3.897,13.691
3.898,13.694
3.899,13.697
3.9,13.7
3.901,13.703
3.902,13.706
3.903,13.709
3.904,13.712
3.905,13.715
3.906,13.718
3.907,13.721
3.908,13.724
3.909,13.727
3.91,13.73
3.911,13.733
3.912,13.736
3.913,13.739
3.914,13.742
3.915,13.745
3.916,13.748
3.917,13.751
3.918,13.754
3.919,13.757
3.92,13.76
3.921,13.763
3.922,13.766
3.923,13.769
3.924,13.772
3.925,13.775
3.926,13.778
3.927,13.781
3.928,13.784
3.929,13.787
3.93,13.79
3.931,13.793
3.932,13.796
3.933,13.799
3.934,13.802
3.935,13.805
3.936,13.808
3.937,13.811
3.938,13.814
3.939,13.817
3.94,13.82
3.941,13.823
3.942,13.826
3.943,13.829
3.944,13.832
3.945,13.835
3.946,13.838
3.947,13.841
3.948,13.844
3.949,13.847
3.95,13.85
3.951,13.853
3.952,13.856
3.953,13.859
3.954,13.862
3.955,13.865
3.956,13.868
3.957,13.871
3.958,13.874
3.959,13.877
3.96,13.88
3.961,13.883
3.962,13.886
3.963,13.889
3.964,13.892
3.965,13.895
3.966,13.898
3.967,13.901
3.968,13.904
3.969,13.907
3.97,13.91
3.971,13.913
3.972,13.916
3.973,13.919
3.974,13.922
3.975,13.925
3.976,13.928
3.977,13.931
3.978,13.934
3.979,13.937
3.98,13.94
3.981,13.943
3.982,13.946
3.983,13.949
3.984,13.952
3.985,13.955
3.986,13.958
3.987,13.961
3.988,13.964
3.989,13.967
3.99,13.97
3.991,13.973
3.992,13.976
3.993,13.979
3.994,13.982
3.995,13.985
3.996,13.988
3.997,13.991
3.998,13.994
3.999,13.997
4,14
4.001,14.003
4.002,14.006
4.003,14.009
4.004,14.012
4.005,14.015
4.006,14.018
4.007,14.021
4.008,14.024
4.009,14.027
4.01,14.03
4.011,14.033
4.012,14.036
4.013,14.039
4.014,14.042
4.015,14.045
4.016,14.048
4.017,14.051
4.018,14.054
4.019,14.057
4.02,14.06
4.021,14.063
4.022,14.066
4.023,14.069
4.024,14.072
4.025,14.075
4.026,14.078
4.027,14.081
4.028,14.084
4.029,14.087
4.03,14.09
4.031,14.093
4.032,14.096
4.033,14.099
4.034,14.102
4.035,14.105
4.036,14.108
4.037,14.111
4.038,14.114
4.039,14.117
4.04,14.12
4.041,14.123
4.042,14.126
4.043,14.129
4.044,14.132
4.045,14.135
4.046,14.138
4.047,14.141
4.048,14.144
4.049,14.147
4.05,14.15
4.051,14.153
4.052,14.156
4.053,14.159
4.054,14.162
4.055,14.165
4.056,14.168
4.057,14.171
4.058,14.174
4.059,14.177
4.06,14.18
4.061,14.183
4.062,14.186
4.063,14.189
4.064,14.192
4.065,14.195
4.066,14.198
4.067,14.201
4.068,14.204
4.069,14.207
4.07,14.21
4.071,14.213
4.072,14.216
4.073,14.219
4.074,14.222
4.075,14.225
4.076,14.228
4.077,14.231
4.078,14.234
4.079,14.237
4.08,14.24
4.081,14.243
4.082,14.246
4.083,14.249
4.084,14.252
4.085,14.255
4.086,14.258
4.087,14.261
4.088,14.264
4.089,14.267
4.09,14.27
4.091,14.273
4.092,14.276
4.093,14.279
4.094,14.282
4.095,14.285
4.096,14.288
4.097,14.291
4.098,14.294
4.099,14.297
4.1,14.3
4.101,14.303
4.102,14.306
4.103,14.309
4.104,14.312
4.105,14.315
4.106,14.318
4.107,14.321
4.108,14.324
4.109,14.327
4.11,14.33
4.111,14.333
4.112,14.336
4.113,14.339
4.114,14.342
4.115,14.345
4.116,14.348
4.117,14.351
4.118,14.354
4.119,14.357
4.12,14.36
4.121,14.363
4.122,14.366
4.123,14.369
4.124,14.372
4.125,14.375
4.126,14.378
4.127,14.381
4.128,14.384
4.129,14.387
4.13,14.39
4.131,14.393
4.132,14.396
4.133,14.399
4.134,14.402
4.135,14.405
4.136,14.408
4.137,14.411
4.138,14.414
4.139,14.417
4.14,14.42
4.141,14.423
4.142,14.426
4.143,14.429
4.144,14.432
4.145,14.435
4.146,14.438
4.147,14.441
4.148,14.444
4.149,14.447
4.15,14.45
4.151,14.453
4.152,14.456
4.153,14.459
4.154,14.462
4.155,14.465
4.156,14.468
4.157,14.471
4.158,14.474
4.159,14.477
4.16,14.48
4.161,14.483
4.162,14.486
4.163,14.489
4.164,14.492
4.165,14.495
4.166,14.498
4.167,14.501
4.168,14.504
4.169,14.507
4.17,14.51
4.171,14.513
4.172,14.516
4.173,14.519
4.174,14.522
4.175,14.525
4.176,14.528
4.177,14.531
4.178,14.534
4.179,14.537
4.18,14.54
4.181,14.543
4.182,14.546
4.183,14.549
4.184,14.552
4.185,14.555
4.186,14.558
4.187,14.561
4.188,14.564
4.189,14.567
4.19,14.57
4.191,14.573
4.192,14.576
4.193,14.579
4.194,14.582
4.195,14.585
4.196,14.588
4.197,14.591
4.198,14.594
4.199,14.597
4.2,14.6
4.201,14.603
4.202,14.606
4.203,14.609
4.204,14.612
4.205,14.615
4.206,14.618
4.207,14.621
4.208,14.624
4.209,14.627
4.21,14.63
4.211,14.633
4.212,14.636
4.213,14.639
4.214,14.642
4.215,14.645
4.216,14.648
4.217,14.651
4.218,14.654
4.219,14.657
4.22,14.66
4.221,14.663
4.222,14.666
4.223,14.669
4.224,14.672
4.225,14.675
4.226,14.678
4.227,14.681
4.228,14.684
4.229,14.687
4.23,14.69
4.231,14.693
4.232,14.696
4.233,14.699
4.234,14.702
4.235,14.705
4.236,14.708
4.237,14.711
4.238,14.714
4.239,14.717
4.24,14.72
4.241,14.723
4.242,14.726
4.243,14.729
4.244,14.732
4.245,14.735
4.246,14.738
4.247,14.741
4.248,14.744
4.249,14.747
4.25,14.75
4.251,14.753
4.252,14.756
4.253,14.759
4.254,14.762
4.255,14.765
4.256,14.768
4.257,14.771
4.258,14.774
4.259,14.777
4.26,14.78
4.261,14.783
4.262,14.786
4.263,14.789
4.264,14.792
4.265,14.795
4.266,14.798
4.267,14.801
4.268,14.804
4.269,14.807
4.27,14.81
4.271,14.813
4.272,14.816
4.273,14.819
4.274,14.822
4.275,14.825
4.276,14.828
4.277,14.831
4.278,14.834
4.279,14.837
4.28,14.84
4.281,14.843
4.282,14.846
4.283,14.849
4.284,14.852
4.285,14.855
4.286,14.858
4.287,14.861
4.288,14.864
4.289,14.867
4.29,14.87
4.291,14.873
4.292,14.876
4.293,14.879
4.294,14.882
4.295,14.885
4.296,14.888
4.297,14.891
4.298,14.894
4.299,14.897
4.3,14.9
4.301,14.903
4.302,14.906
4.303,14.909
4.304,14.912
4.305,14.915
4.306,14.918
4.307,14.921
4.308,14.924
4.309,14.927
4.31,14.93
4.311,14.933
4.312,14.936
4.313,14.939
4.314,14.942
4.315,14.945
4.316,14.948
4.317,14.951
4.318,14.954
4.319,14.957
4.32,14.96
4.321,14.963
4.322,14.966
4.323,14.969
4.324,14.972
4.325,14.975
4.326,14.978
4.327,14.981
4.328,14.984
4.329,14.987
4.33,14.99
4.331,14.993
4.332,14.996
4.333,14.999
4.334,15.002
4.335,15.005
4.336,15.008
4.337,15.011
4.338,15.014
4.339,15.017
4.34,15.02
4.341,15.023
4.342,15.026
4.343,15.029
4.344,15.032
4.345,15.035
4.346,15.038
4.347,15.041
4.348,15.044
4.349,15.047
4.35,15.05
4.351,15.053
4.352,15.056
4.353,15.059
4.354,15.062
4.355,15.065
4.356,15.068
4.357,15.071
4.358,15.074
4.359,15.077
4.36,15.08
4.361,15.083
4.362,15.086
4.363,15.089
4.364,15.092
4.365,15.095
4.366,15.098
4.367,15.101
4.368,15.104
4.369,15.107
4.37,15.11
4.371,15.113
4.372,15.116
4.373,15.119
4.374,15.122
4.375,15.125
4.376,15.128
4.377,15.131
4.378,15.134
4.379,15.137
4.38,15.14
4.381,15.143
4.382,15.146
4.383,15.149
4.384,15.152
4.385,15.155
4.386,15.158
4.387,15.161
4.388,15.164
4.389,15.167
4.39,15.17
4.391,15.173
4.392,15.176
4.393,15.179
4.394,15.182
4.395,15.185
4.396,15.188
4.397,15.191
4.398,15.194
4.399,15.197
4.4,15.2
4.401,15.203
4.402,15.206
4.403,15.209
4.404,15.212
4.405,15.215
4.406,15.218
4.407,15.221
4.408,15.224
4.409,15.227
4.41,15.23
4.411,15.233
4.412,15.236
4.413,15.239
4.414,15.242
4.415,15.245
4.416,15.248
4.417,15.251
4.418,15.254
4.419,15.257
4.42,15.26
4.421,15.263
4.422,15.266
4.423,15.269
4.424,15.272
4.425,15.275
4.426,15.278
4.427,15.281
4.428,15.284
4.429,15.287
4.43,15.29
4.431,15.293
4.432,15.296
4.433,15.299
4.434,15.302
4.435,15.305
4.436,15.308
4.437,15.311
4.438,15.314
4.439,15.317
4.44,15.32
4.441,15.323
4.442,15.326
4.443,15.329
4.444,15.332
4.445,15.335
4.446,15.338
4.447,15.341
4.448,15.344
4.449,15.347
4.45,15.35
4.451,15.353
4.452,15.356
4.453,15.359
4.454,15.362
4.455,15.365
4.456,15.368
4.457,15.371
4.458,15.374
4.459,15.377
4.46,15.38
4.461,15.383
4.462,15.386
4.463,15.389
4.464,15.392
4.465,15.395
4.466,15.398
4.467,15.401
4.468,15.404
4.469,15.407
4.47,15.41
4.471,15.413
4.472,15.416
4.473,15.419
4.474,15.422
4.475,15.425
4.476,15.428
4.477,15.431
4.478,15.434
4.479,15.437
4.48,15.44
4.481,15.443
4.482,15.446
4.483,15.449
4.484,15.452
4.485,15.455
4.486,15.458
4.487,15.461
4.488,15.464
4.489,15.467
4.49,15.47
4.491,15.473
4.492,15.476
4.493,15.479
4.494,15.482
4.495,15.485
4.496,15.488
4.497,15.491
4.498,15.494
4.499,15.497
4.5,15.5
4.501,15.503
4.502,15.506
4.503,15.509
4.504,15.512
4.505,15.515
4.506,15.518
4.507,15.521
4.508,15.524
4.509,15.527
4.51,15.53
4.511,15.533
4.512,15.536
4.513,15.539
4.514,15.542
4.515,15.545
4.516,15.548
4.517,15.551
4.518,15.554
4.519,15.557
4.52,15.56
4.521,15.563
4.522,15.566
4.523,15.569
4.524,15.572
4.525,15.575
4.526,15.578
4.527,15.581
4.528,15.584
4.529,15.587
4.53,15.59
4.531,15.593
4.532,15.596
4.533,15.599
4.534,15.602
4.535,15.605
4.536,15.608
4.537,15.611
4.538,15.614
4.539,15.617
4.54,15.62
4.541,15.623
4.542,15.626
4.543,15.629
4.544,15.632
4.545,15.635
4.546,15.638
4.547,15.641
4.548,15.644
4.549,15.647
4.55,15.65
4.551,15.653
4.552,15.656
4.553,15.659
4.554,15.662
4.555,15.665
4.556,15.668
4.557,15.671
4.558,15.674
4.559,15.677
4.56,15.68
4.561,15.683
4.562,15.686
4.563,15.689
4.564,15.692
4.565,15.695
4.566,15.698
4.567,15.701
4.568,15.704
4.569,15.707
4.57,15.71
4.571,15.713
4.572,15.716
4.573,15.719
4.574,15.722
4.575,15.725
4.576,15.728
4.577,15.731
4.578,15.734
4.579,15.737
4.58,15.74
4.581,15.743
4.582,15.746
4.583,15.749
4.584,15.752
4.585,15.755
4.586,15.758
4.587,15.761
4.588,15.764
4.589,15.767
4.59,15.77
4.591,15.773
4.592,15.776
4.593,15.779
4.594,15.782
4.595,15.785
4.596,15.788
4.597,15.791
4.598,15.794
4.599,15.797
4.6,15.8
4.601,15.803
4.602,15.806
4.603,15.809
4.604,15.812
4.605,15.815
4.606,15.818
4.607,15.821
4.608,15.824
4.609,15.827
4.61,15.83
4.611,15.833
4.612,15.836
4.613,15.839
4.614,15.842
4.615,15.845
4.616,15.848
4.617,15.851
4.618,15.854
4.619,15.857
4.62,15.86
4.621,15.863
4.622,15.866
4.623,15.869
4.624,15.872
4.625,15.875
4.626,15.878
4.627,15.881
4.628,15.884
4.629,15.887
4.63,15.89
4.631,15.893
4.632,15.896
4.633,15.899
4.634,15.902
4.635,15.905
4.636,15.908
4.637,15.911
4.638,15.914
4.639,15.917
4.64,15.92
4.641,15.923
4.642,15.926
4.643,15.929
4.644,15.932
4.645,15.935
4.646,15.938
4.647,15.941
4.648,15.944
4.649,15.947
4.65,15.95
4.651,15.953
4.652,15.956
4.653,15.959
4.654,15.962
4.655,15.965
4.656,15.968
4.657,15.971
4.658,15.974
4.659,15.977
4.66,15.98
4.661,15.983
4.662,15.986
4.663,15.989
4.664,15.992
4.665,15.995
4.666,15.998
4.667,16.001
4.668,16.004
4.669,16.007
4.67,16.01
4.671,16.013
4.672,16.016
4.673,16.019
4.674,16.022
4.675,16.025
4.676,16.028
4.677,16.031
4.678,16.034
4.679,16.037
4.68,16.04
4.681,16.043
4.682,16.046
4.683,16.049
4.684,16.052
4.685,16.055
4.686,16.058
4.687,16.061
4.688,16.064
4.689,16.067
4.69,16.07
4.691,16.073
4.692,16.076
4.693,16.079
4.694,16.082
4.695,16.085
4.696,16.088
4.697,16.091
4.698,16.094
4.699,16.097
4.7,16.1
4.701,16.103
4.702,16.106
4.703,16.109
4.704,16.112
4.705,16.115
4.706,16.118
4.707,16.121
4.708,16.124
4.709,16.127
4.71,16.13
4.711,16.133
4.712,16.136
4.713,16.139
4.714,16.142
4.715,16.145
4.716,16.148
4.717,16.151
4.718,16.154
4.719,16.157
4.72,16.16
4.721,16.163
4.722,16.166
4.723,16.169
4.724,16.172
4.725,16.175
4.726,16.178
4.727,16.181
4.728,16.184
4.729,16.187
4.73,16.19
4.731,16.193
4.732,16.196
4.733,16.199
4.734,16.202
4.735,16.205
4.736,16.208
4.737,16.211
4.738,16.214
4.739,16.217
4.74,16.22
4.741,16.223
4.742,16.226
4.743,16.229
4.744,16.232
4.745,16.235
4.746,16.238
4.747,16.241
4.748,16.244
4.749,16.247
4.75,16.25
4.751,16.253
4.752,16.256
4.753,16.259
4.754,16.262
4.755,16.265
4.756,16.268
4.757,16.271
4.758,16.274
4.759,16.277
4.76,16.28
4.761,16.283
4.762,16.286
4.763,16.289
4.764,16.292
4.765,16.295
4.766,16.298
4.767,16.301
4.768,16.304
4.769,16.307
4.77,16.31
4.771,16.313
4.772,16.316
4.773,16.319
4.774,16.322
4.775,16.325
4.776,16.328
4.777,16.331
4.778,16.334
4.779,16.337
4.78,16.34
4.781,16.343
4.782,16.346
4.783,16.349
4.784,16.352
4.785,16.355
4.786,16.358
4.787,16.361
4.788,16.364
4.789,16.367
4.79,16.37
4.791,16.373
4.792,16.376
4.793,16.379
4.794,16.382
4.795,16.385
4.796,16.388
4.797,16.391
4.798,16.394
4.799,16.397
4.8,16.4
4.801,16.403
4.802,16.406
4.803,16.409
4.804,16.412
4.805,16.415
4.806,16.418
4.807,16.421
4.808,16.424
4.809,16.427
4.81,16.43
4.811,16.433
4.812,16.436
4.813,16.439
4.814,16.442
4.815,16.445
4.816,16.448
4.817,16.451
4.818,16.454
4.819,16.457
4.82,16.46
4.821,16.463
4.822,16.466
4.823,16.469
4.824,16.472
4.825,16.475
4.826,16.478
4.827,16.481
4.828,16.484
4.829,16.487
4.83,16.49
4.831,16.493
4.832,16.496
4.833,16.499
4.834,16.502
4.835,16.505
4.836,16.508
4.837,16.511
4.838,16.514
4.839,16.517
4.84,16.52
4.841,16.523
4.842,16.526
4.843,16.529
4.844,16.532
4.845,16.535
4.846,16.538
4.847,16.541
4.848,16.544
4.849,16.547
4.85,16.55
4.851,16.553
4.852,16.556
4.853,16.559
4.854,16.562
4.855,16.565
4.856,16.568
4.857,16.571
4.858,16.574
4.859,16.577
4.86,16.58
4.861,16.583
4.862,16.586
4.863,16.589
4.864,16.592
4.865,16.595
4.866,16.598
4.867,16.601
4.868,16.604
4.869,16.607
4.87,16.61
4.871,16.613
4.872,16.616
4.873,16.619
4.874,16.622
4.875,16.625
4.876,16.628
4.877,16.631
4.878,16.634
4.879,16.637
4.88,16.64
4.881,16.643
4.882,16.646
4.883,16.649
4.884,16.652
4.885,16.655
4.886,16.658
4.887,16.661
4.888,16.664
4.889,16.667
4.89,16.67
4.891,16.673
4.892,16.676
4.893,16.679
4.894,16.682
4.895,16.685
4.896,16.688
4.897,16.691
4.898,16.694
4.899,16.697
4.9,16.7
4.901,16.703
4.902,16.706
4.903,16.709
4.904,16.712
4.905,16.715
4.906,16.718
4.907,16.721
4.908,16.724
4.909,16.727
4.91,16.73
4.911,16.733
4.912,16.736
4.913,16.739
4.914,16.742
4.915,16.745
4.916,16.748
4.917,16.751
4.918,16.754
4.919,16.757
4.92,16.76
4.921,16.763
4.922,16.766
4.923,16.769
4.924,16.772
4.925,16.775
4.926,16.778
4.927,16.781
4.928,16.784
4.929,16.787
4.93,16.79
4.931,16.793
4.932,16.796
4.933,16.799
4.934,16.802
4.935,16.805
4.936,16.808
4.937,16.811
4.938,16.814
4.939,16.817
4.94,16.82
4.941,16.823
4.942,16.826
4.943,16.829
4.944,16.832
4.945,16.835
4.946,16.838
4.947,16.841
4.948,16.844
4.949,16.847
4.95,16.85
4.951,16.853
4.952,16.856
4.953,16.859
4.954,16.862
4.955,16.865
4.956,16.868
4.957,16.871
4.958,16.874
4.959,16.877
4.96,16.88
4.961,16.883
4.962,16.886
4.963,16.889
4.964,16.892
4.965,16.895
4.966,16.898
4.967,16.901
4.968,16.904
4.969,16.907
4.97,16.91
4.971,16.913
4.972,16.916
4.973,16.919
4.974,16.922
4.975,16.925
4.976,16.928
4.977,16.931
4.978,16.934
4.979,16.937
4.98,16.94
4.981,16.943
4.982,16.946
4.983,16.949
4.984,16.952
4.985,16.955
4.986,16.958
4.987,16.961
4.988,16.964
4.989,16.967
4.99,16.97
4.991,16.973
4.992,16.976
4.993,16.979
4.994,16.982
4.995,16.985
4.996,16.988
4.997,16.991
4.998,16.994
4.999,16.997
endfile