2000 4000
2001 4002
2002 4004
2003 4006
2004 4008
2005 4010
2006 4012
2007 4014
2008 4016
2009 4018
2010 4020
2011 4022
2012 4024
2013 4026
2014 4028
2015 4030
2016 4032
2017 4034
2018 4036
2019 4038
2020 4040
2021 4042
2022 4044
2023 4046
2024 4048
2025 4050
2026 4052
2027 4054
2028 4056
2029 4058
2030 4060
2031 4062
2032 4064
2033 4066
2034 4068
2035 4070
2036 4072
2037 4074
2038 4076
2039 4078
2040 4080
2041 4082
2042 4084
2043 4086
2044 4088
2045 4090
2046 4092
2047 4094
2048 4096
2049 4098
2050 4100
2051 4102
2052 4104
2053 4106
2054 4108
2055 4110
2056 4112
2057 4114
2058 4116
2059 4118
2060 4120
2061 4122
2062 4124
2063 4126
2064 4128
2065 4130
2066 4132
2067 4134
2068 4136
2069 4138
2070 4140
2071 4142
2072 4144
2073 4146
2074 4148
2075 4150
2076 4152
2077 4154
2078 4156
2079 4158
2080 4160
2081 4162
2082 4164
2083 4166
2084 4168
2085 4170
2086 4172
2087 4174
2088 4176
2089 4178
2090 4180
2091 4182
2092 4184
2093 4186
2094 4188
2095 4190
2096 4192
2097 4194
2098 4196
2099 4198
2100 4200
2101 4202
2102 4204
2103 4206
2104 4208
2105 4210
2106 4212
2107 4214
2108 4216
2109 4218
2110 4220
2111 4222
2112 4224
2113 4226
2114 4228
2115 4230
2116 4232
2117 4234
2118 4236
2119 4238
2120 4240
2121 4242
2122 4244
2123 4246
2124 4248
2125 4250
2126 4252
2127 4254
2128 4256
2129 4258
2130 4260
2131 4262
2132 4264
2133 4266
2134 4268
2135 4270
2136 4272
2137 4274
2138 4276
2139 4278
2140 4280
2141 4282
2142 4284
2143 4286
2144 4288
2145 4290
2146 4292
2147 4294
2148 4296
2149 4298
2150 4300
2151 4302
2152 4304
2153 4306
2154 4308
2155 4310
2156 4312
2157 4314
2158 4316
2159 4318
2160 4320
2161 4322
2162 4324
2163 4326
2164 4328
2165 4330
2166 4332
2167 4334
2168 4336
2169 4338
2170 4340
2171 4342
2172 4344
2173 4346
2174 4348
2175 4350
2176 4352
2177 4354
2178 4356
2179 4358
2180 4360
2181 4362
2182 4364
2183 4366
2184 4368
2185 4370
2186 4372
2187 4374
2188 4376
2189 4378
2190 4380
2191 4382
2192 4384
2193 4386
2194 4388
2195 4390
2196 4392
2197 4394
2198 4396
2199 4398
2200 4400
2201 4402
2202 4404
2203 4406
2204 4408
2205 4410
2206 4412
2207 4414
2208 4416
2209 4418
2210 4420
2211 4422
2212 4424
2213 4426
2214 4428
2215 4430
2216 4432
2217 4434
2218 4436
2219 4438
2220 4440
2221 4442
2222 4444
2223 4446
2224 4448
2225 4450
2226 4452
2227 4454
2228 4456
2229 4458
2230 4460
2231 4462
2232 4464
2233 4466
2234 4468
2235 4470
2236 4472
2237 4474
2238 4476
2239 4478
2240 4480
2241 4482
2242 4484
2243 4486
2244 4488
2245 4490
2246 4492
2247 4494
2248 4496
2249 4498
2250 4500
2251 4502
2252 4504
2253 4506
2254 4508
2255 4510
2256 4512
2257 4514
2258 4516
2259 4518
2260 4520
2261 4522
2262 4524
2263 4526
2264 4528
2265 4530
2266 4532
2267 4534
2268 4536
2269 4538
2270 4540
2271 4542
2272 4544
2273 4546
2274 4548
2275 4550
2276 4552
2277 4554
2278 4556
2279 4558
2280 4560
2281 4562
2282 4564
2283 4566
2284 4568
2285 4570
2286 4572
2287 4574
2288 4576
2289 4578
2290 4580
2291 4582
2292 4584
2293 4586
2294 4588
2295 4590
2296 4592
2297 4594
2298 4596
2299 4598
2300 4600
2301 4602
2302 4604
2303 4606
2304 4608
2305 4610
2306 4612
2307 4614
2308 4616
2309 4618
2310 4620
2311 4622
2312 4624
2313 4626
2314 4628
2315 4630
2316 4632
2317 4634
2318 4636
2319 4638
2320 4640
2321 4642
2322 4644
2323 4646
2324 4648
2325 4650
2326 4652
2327 4654
2328 4656
2329 4658
2330 4660
2331 4662
2332 4664
2333 4666
2334 4668
2335 4670
2336 4672
2337 4674
2338 4676
2339 4678
2340 4680
2341 4682
2342 4684
2343 4686
2344 4688
2345 4690
2346 4692
2347 4694
2348 4696
2349 4698
2350 4700
2351 4702
2352 4704
2353 4706
2354 4708
2355 4710
2356 4712
2357 4714
2358 4716
2359 4718
2360 4720
2361 4722
2362 4724
2363 4726
2364 4728
2365 4730
2366 4732
2367 4734
2368 4736
2369 4738
2370 4740
2371 4742
2372 4744
2373 4746
2374 4748
2375 4750
2376 4752
2377 4754
2378 4756
2379 4758
2380 4760
2381 4762
2382 4764
2383 4766
2384 4768
2385 4770
2386 4772
2387 4774
2388 4776
2389 4778
2390 4780
2391 4782
2392 4784
2393 4786
2394 4788
2395 4790
2396 4792
2397 4794
2398 4796
2399 4798
2400 4800
2401 4802
2402 4804
2403 4806
2404 4808
2405 4810
2406 4812
2407 4814
2408 4816
2409 4818
2410 4820
2411 4822
2412 4824
2413 4826
2414 4828
2415 4830
2416 4832
2417 4834
2418 4836
2419 4838
2420 4840
2421 4842
2422 4844
2423 4846
2424 4848
2425 4850
2426 4852
2427 4854
2428 4856
2429 4858
2430 4860
2431 4862
2432 4864
2433 4866
2434 4868
2435 4870
2436 4872
2437 4874
2438 4876
2439 4878
2440 4880
2441 4882
2442 4884
2443 4886
2444 4888
2445 4890
2446 4892
2447 4894
2448 4896
2449 4898
2450 4900
2451 4902
2452 4904
2453 4906
2454 4908
2455 4910
2456 4912
2457 4914
2458 4916
2459 4918
2460 4920
2461 4922
2462 4924
2463 4926
2464 4928
2465 4930
2466 4932
2467 4934
2468 4936
2469 4938
2470 4940
2471 4942
2472 4944
2473 4946
2474 4948
2475 4950
2476 4952
2477 4954
2478 4956
2479 4958
2480 4960
2481 4962
2482 4964
2483 4966
2484 4968
2485 4970
2486 4972
2487 4974
2488 4976
2489 4978
2490 4980
2491 4982
2492 4984
2493 4986
2494 4988
2495 4990
2496 4992
2497 4994
2498 4996
2499 4998
2500 5000
2501 5002
2502 5004
2503 5006
2504 5008
2505 5010
2506 5012
2507 5014
2508 5016
2509 5018
2510 5020
2511 5022
2512 5024
2513 5026
2514 5028
2515 5030
2516 5032
2517 5034
2518 5036
2519 5038
2520 5040
2521 5042
2522 5044
2523 5046
2524 5048
2525 5050
2526 5052
2527 5054
2528 5056
2529 5058
2530 5060
2531 5062
2532 5064
2533 5066
2534 5068
2535 5070
2536 5072
2537 5074
2538 5076
2539 5078
2540 5080
2541 5082
2542 5084
2543 5086
2544 5088
2545 5090
2546 5092
2547 5094
2548 5096
2549 5098
2550 5100
2551 5102
2552 5104
2553 5106
2554 5108
2555 5110
2556 5112
2557 5114
2558 5116
2559 5118
2560 5120
2561 5122
2562 5124
2563 5126
2564 5128
2565 5130
2566 5132
2567 5134
2568 5136
2569 5138
2570 5140
2571 5142
2572 5144
2573 5146
2574 5148
2575 5150
2576 5152
2577 5154
2578 5156
2579 5158
2580 5160
2581 5162
2582 5164
2583 5166
2584 5168
2585 5170
2586 5172
2587 5174
2588 5176
2589 5178
2590 5180
2591 5182
2592 5184
2593 5186
2594 5188
2595 5190
2596 5192
2597 5194
2598 5196
2599 5198
2600 5200
2601 5202
2602 5204
2603 5206
2604 5208
2605 5210
2606 5212
2607 5214
2608 5216
2609 5218
2610 5220
2611 5222
2612 5224
2613 5226
2614 5228
2615 5230
2616 5232
2617 5234
2618 5236
2619 5238
2620 5240
2621 5242
2622 5244
2623 5246
2624 5248
2625 5250
2626 5252
2627 5254
2628 5256
2629 5258
2630 5260
2631 5262
2632 5264
2633 5266
2634 5268
2635 5270
2636 5272
2637 5274
2638 5276
2639 5278
2640 5280
2641 5282
2642 5284
2643 5286
2644 5288
2645 5290
2646 5292
2647 5294
2648 5296
2649 5298
2650 5300
2651 5302
2652 5304
2653 5306
2654 5308
2655 5310
2656 5312
2657 5314
2658 5316
2659 5318
2660 5320
2661 5322
2662 5324
2663 5326
2664 5328
2665 5330
2666 5332
2667 5334
2668 5336
2669 5338
2670 5340
2671 5342
2672 5344
2673 5346
2674 5348
2675 5350
2676 5352
2677 5354
2678 5356
2679 5358
2680 5360
2681 5362
2682 5364
2683 5366
2684 5368
2685 5370
2686 5372
2687 5374
2688 5376
2689 5378
2690 5380
2691 5382
2692 5384
2693 5386
2694 5388
2695 5390
2696 5392
2697 5394
2698 5396
2699 5398
2700 5400
2701 5402
2702 5404
2703 5406
2704 5408
2705 5410
2706 5412
2707 5414
2708 5416
2709 5418
2710 5420
2711 5422
2712 5424
2713 5426
2714 5428
2715 5430
2716 5432
2717 5434
2718 5436
2719 5438
2720 5440
2721 5442
2722 5444
2723 5446
2724 5448
2725 5450
2726 5452
2727 5454
2728 5456
2729 5458
2730 5460
2731 5462
2732 5464
2733 5466
2734 5468
2735 5470
2736 5472
2737 5474
2738 5476
2739 5478
2740 5480
2741 5482
2742 5484
2743 5486
2744 5488
2745 5490
2746 5492
2747 5494
2748 5496
2749 5498
2750 5500
2751 5502
2752 5504
2753 5506
2754 5508
2755 5510
2756 5512
2757 5514
2758 5516
2759 5518
2760 5520
2761 5522
2762 5524
2763 5526
2764 5528
2765 5530
2766 5532
2767 5534
2768 5536
2769 5538
2770 5540
2771 5542
2772 5544
2773 5546
2774 5548
2775 5550
2776 5552
2777 5554
2778 5556
2779 5558
2780 5560
2781 5562
2782 5564
2783 5566
2784 5568
2785 5570
2786 5572
2787 5574
2788 5576
2789 5578
2790 5580
2791 5582
2792 5584
2793 5586
2794 5588
2795 5590
2796 5592
2797 5594
2798 5596
2799 5598
2800 5600
2801 5602
2802 5604
2803 5606
2804 5608
2805 5610
2806 5612
2807 5614
2808 5616
2809 5618
2810 5620
2811 5622
2812 5624
2813 5626
2814 5628
2815 5630
2816 5632
2817 5634
2818 5636
2819 5638
2820 5640
2821 5642
2822 5644
2823 5646
2824 5648
2825 5650
2826 5652
2827 5654
2828 5656
2829 5658
2830 5660
2831 5662
2832 5664
2833 5666
2834 5668
2835 5670
2836 5672
2837 5674
2838 5676
2839 5678
2840 5680
2841 5682
2842 5684
2843 5686
2844 5688
2845 5690
2846 5692
2847 5694
2848 5696
2849 5698
2850 5700
2851 5702
2852 5704
2853 5706
2854 5708
2855 5710
2856 5712
2857 5714
2858 5716
2859 5718
2860 5720
2861 5722
2862 5724
2863 5726
2864 5728
2865 5730
2866 5732
2867 5734
2868 5736
2869 5738
2870 5740
2871 5742
2872 5744
2873 5746
2874 5748
2875 5750
2876 5752
2877 5754
2878 5756
2879 5758
2880 5760
2881 5762
2882 5764
2883 5766
2884 5768
2885 5770
2886 5772
2887 5774
2888 5776
2889 5778
2890 5780
2891 5782
2892 5784
2893 5786
2894 5788
2895 5790
2896 5792
2897 5794
2898 5796
2899 5798
2900 5800
2901 5802
2902 5804
2903 5806
2904 5808
2905 5810
2906 5812
2907 5814
2908 5816
2909 5818
2910 5820
2911 5822
2912 5824
2913 5826
2914 5828
2915 5830
2916 5832
2917 5834
2918 5836
2919 5838
2920 5840
2921 5842
2922 5844
2923 5846
2924 5848
2925 5850
2926 5852
2927 5854
2928 5856
2929 5858
2930 5860
2931 5862
2932 5864
2933 5866
2934 5868
2935 5870
2936 5872
2937 5874
2938 5876
2939 5878
2940 5880
2941 5882
2942 5884
2943 5886
2944 5888
2945 5890
2946 5892
2947 5894
2948 5896
2949 5898
2950 5900
2951 5902
2952 5904
2953 5906
2954 5908
2955 5910
2956 5912
2957 5914
2958 5916
2959 5918
2960 5920
2961 5922
2962 5924
2963 5926
2964 5928
2965 5930
2966 5932
2967 5934
2968 5936
2969 5938
2970 5940
2971 5942
2972 5944
2973 5946
2974 5948
2975 5950
2976 5952
2977 5954
2978 5956
2979 5958
2980 5960
2981 5962
2982 5964
2983 5966
2984 5968
2985 5970
2986 5972
2987 5974
2988 5976
2989 5978
2990 5980
2991 5982
2992 5984
2993 5986
2994 5988
2995 5990
2996 5992
2997 5994
2998 5996
2999 5998
3000 6000
endfile